"ENSG00000091831" "ENSG00000082175" "ENSG00000141736" "y"
"TCGA-AO-A03R-01A-21R-A034-07" 41.0691124136 0.941430438125 7.0841981799 0
"TCGA-A7-A0DC-01B-04R-A22O-07" 247.187089426 5.32704319494 30.0145970578 0
"TCGA-AR-A5QN-01A-12R-A28M-07" 82.2932353475 0.686913390209 47.5522562833 0
"TCGA-B6-A409-01A-11R-A24H-07" 0.549996310386 0.322440708455 21.1451798121 1
"TCGA-E2-A1IU-01A-11R-A14D-07" 116.333663048 17.7059921818 58.4173541084 0
"TCGA-GM-A2DL-01A-11R-A18M-07" 20.9248005212 18.8062593868 16.1642030771 0
"TCGA-AR-A24O-01A-11R-A169-07" 25.5182386996 24.6869719948 20.1707096834 0
"TCGA-BH-A0BR-01A-21R-A115-07" 5.36212691504 0.182303907229 27.6701023163 0
"TCGA-AO-A1KQ-01A-11R-A13Q-07" 56.7685382662 11.8267728674 28.2891517738 0
"TCGA-A1-A0SK-01A-12R-A084-07" 0.0402969140817 0.0269113407497 1.56090122074 1
"TCGA-AC-A8OS-01A-12R-A41B-07" 94.7158095843 1.13900848499 23.5446106987 0
"TCGA-D8-A1XF-01A-11R-A14D-07" 47.2371671273 0.215082776132 42.8100286884 0
"TCGA-BH-A201-01A-11R-A14M-07" 24.4664161181 23.7112412406 32.1015295497 0
"TCGA-BH-A0DQ-01A-11R-A084-07" 21.9636094076 11.3355372307 21.0973268647 0
"TCGA-E2-A1IH-01A-11R-A13Q-07" 28.5433930733 5.15285665952 27.3899632403 0
"TCGA-AR-A1AO-01A-11R-A12P-07" 1.47324922883 1.12698797016 14.8922167441 0
"TCGA-BH-A6R9-01A-21R-A32P-07" 0.590044657343 0.247987142015 8.18274674005 0
"TCGA-A8-A09E-01A-11R-A00Z-07" 83.5747027797 17.8261657146 72.8305889416 0
"TCGA-A2-A1FW-01A-11R-A13Q-07" 124.162897473 0.280912825889 15.2657135549 0
"TCGA-AO-A12A-01A-21R-A115-07" 28.3367136902 47.2978661536 32.0326978649 0
"TCGA-BH-A0W7-01A-11R-A115-07" 7.32714692591 1.96179735903 20.9909057067 0
"TCGA-AC-A2QJ-01A-12R-A19W-07" 0.0998154648419 0.00116946310213 7.34479822609 1
"TCGA-BH-A0H7-01A-13R-A056-07" 26.2402854546 11.2977462875 22.7975503122 0
"TCGA-C8-A1HO-01A-11R-A13Q-07" 44.8075198909 0.915976031999 9.52436683609 0
"TCGA-E9-A3Q9-01A-11R-A21T-07" 45.6227350052 50.502782438 14.9724776847 0
"TCGA-OL-A97C-01A-32R-A41B-07" 16.2466038855 8.56199212883 24.0370328876 1
"TCGA-A1-A0SE-01A-11R-A084-07" 17.0216949958 23.7190741853 46.3482554991 0
"TCGA-A2-A25C-01A-11R-A169-07" 14.9566357892 4.12222799327 42.0001942011 0
"TCGA-Z7-A8R5-01A-42R-A41B-07" 11.4328831269 1.37641453912 36.953779646 0
"TCGA-BH-A0E0-01A-11R-A056-07" 1.30979389363 0.0846096882755 18.5408969293 1
"TCGA-E2-A1B1-01A-21R-A12P-07" 3.78953962432 2.34616755637 126.840680404 0
"TCGA-BH-A0BZ-01A-31R-A12P-07" 26.0659259883 0.198717480679 33.9714258251 0
"TCGA-AO-A03M-01B-11R-A10J-07" 10.5375938188 5.96867686156 68.7919825207 0
"TCGA-A2-A0EV-01A-11R-A034-07" 51.6678822601 31.9527649094 64.7199878481 0
"TCGA-AR-A24L-01A-11R-A169-07" 36.9752000845 10.6675742713 37.7022782707 0
"TCGA-AC-A62X-01A-11R-A29R-07" 0.186076142339 0.0216669881328 28.5313730592 0
"TCGA-A2-A0YJ-01A-11R-A109-07" 0.0853433761638 0.0311445654478 240.24396081 0
"TCGA-A7-A26G-01A-21R-A169-07" 0.354446434244 0.533940488576 4.81486426361 1
"TCGA-BH-A0HA-01A-11R-A12P-07" 11.8806623955 5.91368796416 31.6367169753 0
"TCGA-BH-A1FL-01A-11R-A13Q-07" 103.73777144 22.1215730832 51.1813951005 0
"TCGA-AO-A0JC-01A-11R-A056-07" 13.6734853327 1.30749952023 5.20442099181 0
"TCGA-BH-A0EB-01A-11R-A034-07" 116.185095871 5.9954791209 32.7709335646 0
"TCGA-GM-A2DA-01A-11R-A18M-07" 9.88157120548 3.56960035712 196.798748533 0
"TCGA-D8-A1JD-01A-11R-A13Q-07" 26.4059660156 8.83712118806 36.352784312 0
"TCGA-E2-A573-01A-11R-A29R-07" 0.141213624479 0.0641805936078 15.1782250321 1
"TCGA-A2-A0CT-01A-31R-A056-07" 55.2826918119 0.131099008826 76.2604630275 0
"TCGA-A2-A25A-01A-12R-A16F-07" 12.8095910735 24.3361213536 16.0047863312 0
"TCGA-BH-A0HI-01A-11R-A084-07" 84.295514598 10.8802155871 37.9830186129 0
"TCGA-A8-A06T-01A-11R-A00Z-07" 128.289710205 35.9887819473 64.0142255688 0
"TCGA-BH-A0B6-01A-11R-A19W-07" 30.183716999 0.164701051328 17.1495363974 0
"TCGA-AR-A24N-01A-11R-A169-07" 95.9269375885 13.7644060029 33.3474657242 0
"TCGA-BH-A18F-01A-11R-A12D-07" 17.5772048134 1.21248514551 17.9830629186 0
"TCGA-GM-A3XG-01A-31R-A24H-07" 7.37882694555 19.3927074636 56.0683573453 0
"TCGA-BH-A0AW-01A-11R-A056-07" 1.10364679038 0.112490083239 558.996123595 0
"TCGA-EW-A1OW-01A-21R-A144-07" 0.0865472481105 0.181328728372 21.7996169623 1
"TCGA-LL-A5YP-01A-21R-A28M-07" 0.155985438619 0.0513911179204 15.0963165432 0
"TCGA-C8-A12V-01A-11R-A115-07" 0.695298638439 0.115092509873 8.43991641107 1
"TCGA-C8-A138-01A-11R-A115-07" 3.76938390385 0.134695494899 58.8863271494 0
"TCGA-A8-A0A9-01A-11R-A00Z-07" 85.8983368582 14.7455171304 53.2662274155 0
"TCGA-AC-A3TM-01A-11R-A22K-07" 9.08763948351 14.9014709735 44.5923616913 0
"TCGA-AO-A125-01A-11R-A10J-07" 129.982715881 72.4036952636 33.3912065399 0
"TCGA-A7-A13D-01A-13R-A277-07" 0.524080298815 0.808075835046 42.2814524867 0
"TCGA-AC-A3YJ-01A-11R-A22U-07" 49.3444695877 31.7287996062 36.3078627249 0
"TCGA-A2-A0YE-01A-11R-A109-07" 0.0576904683166 0.0705073205792 28.799379546 1
"TCGA-D8-A1JH-01A-11R-A13Q-07" 48.0499906494 32.073498206 37.5364584028 0
"TCGA-OL-A66L-01A-12R-A31O-07" 11.8831691176 3.57701840575 35.3510424932 0
"TCGA-E2-A1II-01A-11R-A144-07" 0.142704081925 0.194132777072 10.7281300929 0
"TCGA-A2-A0EQ-01A-11R-A034-07" 2.12986767805 0.0399392448205 30.1461395983 1
"TCGA-BH-A1FB-01A-11R-A13Q-07" 35.9853701076 60.4783382948 28.2456931684 0
"TCGA-A2-A0SX-01A-12R-A084-07" 1.36198657941 0.185325310847 21.6758542485 1
"TCGA-AR-A2LK-01A-11R-A180-07" 130.325097674 32.2536277755 29.9003213901 0
"TCGA-AN-A04D-01A-21R-A034-07" 0.0694329793252 0.0211973360637 21.3329576303 1
"TCGA-OL-A6VO-01A-12R-A33J-07" 0.824657417764 0.0124458293155 24.9120688221 1
"TCGA-A2-A0CY-01A-12R-A034-07" 52.4839486672 0.332570856724 16.8421275526 0
"TCGA-A7-A6VX-01A-12R-A33J-07" 51.596777519 0.179702745171 31.4039504606 0
"TCGA-AR-A1AH-01A-11R-A12D-07" 0.0316573410297 0.0303571782434 34.1232253533 0
"TCGA-A8-A075-01A-11R-A084-07" 8.43926904237 0.364413877429 24.317413453 0
"TCGA-E2-A576-01A-11R-A31O-07" 52.1979062704 4.94758830671 57.5762193878 0
"TCGA-A7-A0DB-01A-11R-A00Z-07" 80.1952415767 23.5873360798 38.9327580749 0
"TCGA-A8-A08S-01A-11R-A034-07" 73.0194560018 3.79197471326 209.008194479 0
"TCGA-A8-A081-01A-11R-A00Z-07" 91.5532045726 0.05344938451 81.9237446764 0
"TCGA-C8-A130-01A-31R-A115-07" 22.4308109255 3.03039038405 42.1739569383 0
"TCGA-AC-A2FK-01A-12R-A180-07" 4.44093632444 18.2002577855 58.008022856 0
"TCGA-C8-A1HN-01A-11R-A137-07" 132.338194507 1.83485820713 53.4382466235 0
"TCGA-AR-A2LH-01A-31R-A18M-07" 5.05035626277 1.06003504909 35.4404598056 1
"TCGA-AO-A124-01A-11R-A10J-07" 0.041912811474 0.0147546714145 38.0615581301 1
"TCGA-A7-A6VW-01A-21R-A33J-07" 1.01330323554 0.0215130062529 16.6368404988 1
"TCGA-A7-A4SD-01A-11R-A266-07" 0.278899661531 0.0345792734189 26.0367208492 1
"TCGA-AQ-A04L-01B-21R-A10J-07" 7.99804113023 0.153878061059 33.5085148911 0
"TCGA-D8-A4Z1-01A-21R-A266-07" 11.5721407983 12.7280345171 57.8285466385 0
"TCGA-A7-A26E-01B-06R-A277-07" 115.107832389 10.2018890894 22.5273641009 0
"TCGA-AR-A2LO-01A-31R-A18M-07" 18.0910320272 12.6596725229 42.4912087181 0
"TCGA-AC-A2FF-01A-11R-A17B-07" 4.63894572329 12.2845008323 51.5579493165 0
"TCGA-3C-AALJ-01A-31R-A41B-07" 28.0299234062 1.63780779421 54.891442364 0
"TCGA-A8-A09G-01A-21R-A00Z-07" 2.04293873355 0.0592893287057 244.051456198 0
"TCGA-D8-A1XT-01A-11R-A14M-07" 0.302168798954 0.126761596749 692.719671482 0
"TCGA-AQ-A54O-01A-11R-A266-07" 29.1681973306 4.12153674797 26.198150621 0
"TCGA-AR-A2LR-01A-12R-A18M-07" 0.250195495077 0.184675262669 21.3903230218 1
"TCGA-BH-A0H9-01A-11R-A056-07" 81.9182128102 1.56164883517 35.87246031 0
"TCGA-D8-A1XJ-01A-11R-A14M-07" 33.4933369045 0.230725608227 1023.35480568 0
"TCGA-E9-A1N5-01A-11R-A14D-07" 27.7783987132 25.7911605754 16.8850760992 0
"TCGA-EW-A1P3-01A-11R-A144-07" 45.9034267253 12.0566807296 67.2250864242 0
"TCGA-AN-A0XP-01A-11R-A109-07" 151.875858392 16.8604055803 49.1249644605 0
"TCGA-BH-A1FC-01A-11R-A13Q-07" 0.293282557367 0.0534168593558 9.83757531571 1
"TCGA-B6-A401-01A-11R-A239-07" 26.4057591909 23.7665380674 54.283700131 0
"TCGA-D8-A1XS-01A-11R-A14M-07" 44.9433149398 12.9635848739 63.7954532868 0
"TCGA-D8-A1XQ-01A-11R-A14M-07" 0.169918746306 0.0765847705408 18.3631215414 1
"TCGA-BH-A0E9-01B-11R-A115-07" 78.0140559749 13.8610215837 54.7301500431 0
"TCGA-A2-A0YC-01A-11R-A109-07" 71.6302116278 58.0992152399 73.4240779947 0
"TCGA-BH-A0GY-01A-11R-A056-07" 15.3574185976 38.4533312765 24.2950601064 0
"TCGA-A7-A425-01A-11R-A24H-07" 36.5825554883 8.71194606693 34.4169778341 0
"TCGA-AR-A5QP-01A-11R-A28M-07" 45.0480088259 2.46270058626 35.4032931576 0
"TCGA-E2-A1L7-01A-11R-A144-07" 29.6067506816 22.9778674519 10.3341783368 1
"TCGA-AQ-A7U7-01A-22R-A352-07" 13.537237232 23.8716102808 20.3213115224 0
"TCGA-PE-A5DE-01A-11R-A27Q-07" 30.8998215399 9.55322406252 21.402826123 0
"TCGA-AN-A0XT-01A-11R-A109-07" 159.592698579 1.00559644728 22.6945081298 0
"TCGA-A2-A4S3-01A-21R-A266-07" 49.3863245576 6.12334073139 25.7512053495 0
"TCGA-LL-A6FQ-01A-11R-A31O-07" 38.9477323893 0.68556173633 71.1805823456 0
"TCGA-BH-A0W3-01A-11R-A109-07" 134.921494835 11.9132197542 65.4312597654 0
"TCGA-A8-A083-01A-21R-A00Z-07" 190.090874814 8.05128210588 54.5794662089 0
"TCGA-E9-A3X8-01A-31R-A22U-07" 10.7463481527 10.126303163 21.7504014083 0
"TCGA-BH-A0RX-01A-21R-A084-07" 3.09634322199 0.828340032689 15.164554819 1
"TCGA-C8-A12W-01A-11R-A115-07" 16.4498179184 3.31364369201 44.7645906117 0
"TCGA-AR-A1AK-01A-21R-A12P-07" 25.7144186155 9.29361244808 43.5695054169 0
"TCGA-D8-A27P-01A-11R-A16F-07" 11.75522836 8.00644109293 60.669360308 0
"TCGA-AC-A5XS-01A-11R-A29R-07" 24.2532928821 1.81432880346 31.987282542 0
"TCGA-AR-A0TS-01A-11R-A115-07" 0.317567979818 0.1562696671 46.0294211119 1
"TCGA-C8-A26W-01A-11R-A16F-07" 36.3350503766 12.8163335517 102.32975575 0
"TCGA-A8-A07S-01A-11R-A034-07" 84.419505871 2.5851527216 38.1920808541 0
"TCGA-E2-A15A-01A-11R-A12D-07" 24.3368617569 3.75399795188 44.486790553 0
"TCGA-C8-A12Q-01A-11R-A115-07" 1.20834630925 0.351964611952 763.451988959 0
"TCGA-A7-A426-01A-22R-A24H-07" 20.826201713 19.1454796558 29.309872079 0
"TCGA-BH-A0HU-01A-11R-A034-07" 33.3923765993 2.96057930289 36.100743845 0
"TCGA-BH-A0E6-01A-11R-A034-07" 1.37004958012 0.16749179896 23.3653090503 1
"TCGA-A2-A3XW-01A-11R-A239-07" 5.40460741941 0.739020166039 43.1859168069 0
"TCGA-AR-A24X-01A-11R-A169-07" 17.6486826901 37.9827718277 51.200363248 0
"TCGA-A2-A0D3-01A-11R-A115-07" 42.3723573756 39.7925094425 54.7268299714 0
"TCGA-D8-A73W-01A-22R-A352-07" 42.9856845662 0.0862041376736 31.6100082997 0
"TCGA-AO-A0J5-01A-11R-A034-07" 32.8093641792 0.170746274138 31.6600220633 0
"TCGA-BH-A0DL-01A-11R-A115-07" 6.98732048696 0.0405531577531 9.92179061071 0
"TCGA-E2-A14Y-01A-21R-A12D-07" 0.672988301735 0.0268321979801 487.896807651 0
"TCGA-A8-A08T-01A-21R-A00Z-07" 65.7858190602 2.07223729723 42.4735815455 0
"TCGA-S3-AA15-01A-11R-A41B-07" 0.869880561278 0.21856740438 8.97909569449 1
"TCGA-AR-A2LN-01A-21R-A18M-07" 16.8887619846 1.84083279477 34.6235981086 0
"TCGA-A8-A08P-01A-11R-A00Z-07" 29.0904320634 2.11974202408 61.3872334754 0
"TCGA-LQ-A4E4-01A-11R-A266-07" 105.976183141 0.357691968619 35.6642255536 0
"TCGA-BH-A18T-01A-11R-A12D-07" 0.606816150334 0.0438610180421 29.3480694269 1
"TCGA-EW-A1OV-01A-11R-A144-07" 0.22802145771 0.0271783571062 28.9084485067 1
"TCGA-BH-A0HN-01A-11R-A10U-07" 88.3179838729 3.9483639079 57.8212956049 0
"TCGA-OL-A66H-01A-11R-A29R-07" 36.2142591006 1.07660311473 33.3341369338 0
"TCGA-AQ-A04H-01B-11R-A10J-07" 140.472304527 0.136523438169 161.739564935 0
"TCGA-AN-A0AK-01A-21R-A00Z-07" 52.8392897762 0.0843065396853 58.2765784275 0
"TCGA-D8-A1JU-01A-11R-A13Q-07" 50.3925453768 2.33980868525 35.6809730299 0
"TCGA-B6-A0WW-01A-11R-A109-07" 115.859189136 2.91329992282 48.8918113433 0
"TCGA-LL-A740-01A-21R-A32P-07" 0.30222324824 0.115332940871 68.5578402141 1
"TCGA-E2-A15C-01A-31R-A12D-07" 81.3241191327 38.0956000873 59.2200051573 0
"TCGA-OL-A6VR-01A-32R-A33J-07" 20.4914626248 58.9748863198 37.2612806346 0
"TCGA-Z7-A8R6-01A-11R-A41B-07" 25.6133627627 7.95931625089 26.6011900435 0
"TCGA-GM-A2DK-01A-21R-A180-07" 52.3528271068 1.98293032302 44.3210236418 0
"TCGA-AO-A1KP-01A-11R-A13Q-07" 73.5459358414 33.9310623161 17.3779710375 0
"TCGA-AR-A2LL-01A-11R-A180-07" 154.209972672 36.5563151754 90.615338329 0
"TCGA-BH-A28Q-01A-11R-A16F-07" 34.3973366266 24.0476143346 53.4328739559 0
"TCGA-V7-A7HQ-01A-11R-A33J-07" 24.1849619685 24.9083428788 35.7142643195 0
"TCGA-OL-A66N-01A-12R-A31O-07" 11.8435873124 0.150535944544 56.3486166288 0
"TCGA-LL-A73Y-01A-11R-A33J-07" 0.216909015809 0.17713704664 19.0041341418 1
"TCGA-BH-A202-01A-11R-A14M-07" 22.9422279544 3.56413581053 211.27954472 0
"TCGA-E2-A10F-01A-11R-A10J-07" 28.1597651675 88.2374215383 31.7985940523 0
"TCGA-C8-A131-01A-11R-A115-07" 0.261912926997 0.102773359437 18.1996113901 1
"TCGA-A8-A07U-01A-11R-A034-07" 1.73529701975 0.209353208027 31.9642910644 0
"TCGA-BH-A18R-01A-11R-A12D-07" 4.90031312442 0.231837214588 217.504257343 0
"TCGA-C8-A135-01A-11R-A115-07" 0.284552378309 0.188764696927 433.365422368 0
"TCGA-E9-A54Y-01A-11R-A466-07" 53.0153515946 2.20149274068 42.8618960088 0
"TCGA-A2-A0CU-01A-12R-A034-07" 106.700837383 1.00824493122 63.2356731224 0
"TCGA-BH-A0B4-01A-11R-A00Z-07" 28.4081238871 4.65632704289 66.1225883261 0
"TCGA-AO-A12E-01A-11R-A10J-07" 21.6996180354 9.68681612542 40.2817554863 0
"TCGA-AN-A0AT-01A-11R-A034-07" 0.0899624907349 0.0129202841203 9.28401117493 1
"TCGA-BH-A0B8-01A-21R-A056-07" 95.974514497 1.8120048914 44.5532531536 0
"TCGA-S3-AA11-01A-31R-A41B-07" 85.985126611 7.53329688354 43.90254422 0
"TCGA-BH-A0HK-01A-11R-A056-07" 40.0762665643 0.090166181012 34.8127764287 0
"TCGA-AN-A0FW-01A-11R-A034-07" 86.3144841095 5.73976127246 14.089573295 0
"TCGA-E9-A1NH-01A-11R-A14D-07" 65.2004054353 1.64216108397 41.8862707247 0
"TCGA-AR-A5QM-01A-11R-A27Q-07" 50.1452712089 15.3592182829 32.7578476611 0
"TCGA-A2-A0T0-01A-22R-A084-07" 0.327642268417 0.0653741147501 16.4568226305 1
"TCGA-A8-A0A2-01A-11R-A034-07" 94.4555275306 18.2816624552 38.1872063492 0
"TCGA-OK-A5Q2-01A-11R-A27Q-07" 20.6374610441 0.884136516004 86.3074391416 0
"TCGA-B6-A2IU-01A-32R-A18M-07" 41.7454257632 22.4448886712 74.8812940538 0
"TCGA-C8-A12T-01A-11R-A115-07" 7.14809609802 4.9008657736 182.187869271 0
"TCGA-D8-A1XD-01A-11R-A14D-07" 32.2894334773 14.9536038229 52.3827832089 0
"TCGA-BH-A8G0-01A-11R-A352-07" 21.0071775797 9.58471234487 44.9610938372 0
"TCGA-E2-A1IL-01A-11R-A14D-07" 74.9280910692 3.50069566876 54.3608921397 0
"TCGA-AO-A0JG-01A-31R-A084-07" 39.0069483597 0.860599997456 32.0230714432 0
"TCGA-JL-A3YX-01A-11R-A22U-07" 17.7964435637 26.1269717908 36.5666208071 0
"TCGA-D8-A27H-01A-11R-A16F-07" 0.147821934886 0.125044550701 20.801410011 1
"TCGA-LL-A441-01A-11R-A24H-07" 1.87430712862 0.852250837914 18.9582666289 1
"TCGA-AC-A2B8-01A-11R-A17B-07" 20.8509000687 43.2285098498 31.9977300438 0
"TCGA-D8-A1JE-01A-11R-A13Q-07" 106.4143877 18.9798577962 15.399949468 0
"TCGA-WT-AB44-01A-11R-A41B-07" 14.2684510507 0.573863890046 38.2870647235 0
"TCGA-BH-A0BQ-01A-21R-A115-07" 18.2737058373 6.56702470836 54.3661188318 0
"TCGA-A8-A094-01A-11R-A00Z-07" 5.31429039454 0.978500997452 24.6021681495 0
"TCGA-E2-A1B6-01A-31R-A12P-07" 0.35917626162 0.600196765098 14.4002241076 1
"TCGA-A2-A3XT-01A-11R-A22U-07" 3.99363012172 0.0700381144414 6.82885852793 1
"TCGA-S3-A6ZF-01A-32R-A32P-07" 62.5984390476 2.5319132389 36.6266618953 0
"TCGA-A2-A4S0-01A-21R-A266-07" 112.351217637 63.7995715568 19.8332539085 0
"TCGA-AR-A0U4-01A-11R-A109-07" 0.638977437049 0.0583274690758 7.85838830825 1
"TCGA-LD-A74U-01A-13R-A33J-07" 38.2585344046 1.68810747507 26.3860671349 0
"TCGA-A8-A08C-01A-11R-A00Z-07" 130.057424372 0.301848299707 39.1613113441 0
"TCGA-GM-A4E0-01A-12R-A266-07" 15.3737432724 4.34460172177 23.0765219186 0
"TCGA-AO-A0JL-01A-11R-A056-07" 0.628886374711 0.0755976397574 63.5980703222 0
"TCGA-BH-A0HQ-01A-11R-A034-07" 59.0406690358 13.4871839836 70.6147828053 0
"TCGA-E2-A574-01A-11R-A29R-07" 0.0290913474229 0.0136336618604 17.5457563914 1
"TCGA-E2-A15O-01A-11R-A115-07" 81.7488426092 13.9020921009 29.4783814841 0
"TCGA-A7-A26J-01A-11R-A277-07" 29.7912479986 13.0708895555 40.1258546694 0
"TCGA-AN-A0FL-01A-11R-A034-07" 0.0863701985278 1.0729775082 15.0660131999 0
"TCGA-A2-A0ES-01A-11R-A115-07" 27.5172977781 27.7023089454 40.9260581509 0
"TCGA-E9-A6HE-01A-11R-A31O-07" 27.9663797502 8.70671341014 54.0914734522 0
"TCGA-A1-A0SO-01A-22R-A084-07" 0.0645210643187 0.0426255452612 52.3187956889 1
"TCGA-A8-A0A4-01A-11R-A00Z-07" 34.7029421104 9.51453450753 46.3165907573 0
"TCGA-E2-A158-01A-11R-A12D-07" 0.019382902814 0.0111677289451 23.8563695603 1
"TCGA-AN-A03Y-01A-21R-A00Z-07" 58.4354603993 26.5813674301 21.4183507259 0
"TCGA-BH-A0BC-01A-22R-A084-07" 72.6556331322 3.3189391156 13.7878696592 0
"TCGA-C8-A26V-01A-11R-A16F-07" 44.1962114383 14.0052695472 13.8777604765 0
"TCGA-EW-A2FV-01A-11R-A17B-07" 17.2850442672 4.44035771333 30.256319361 0
"TCGA-A8-A07Z-01A-11R-A00Z-07" 59.1076376746 16.6948686284 37.3509074334 0
"TCGA-BH-A0AV-01A-31R-A115-07" 0.127686368303 0.105308985782 15.8688136485 1
"TCGA-A2-A259-01A-11R-A16F-07" 80.6021567159 25.7139597801 19.0087978216 0
"TCGA-AO-A1KO-01A-31R-A13Q-07" 10.7843982369 9.11777177633 14.9140340065 0
"TCGA-BH-A0BA-01A-11R-A056-07" 42.6340594581 1.6120136706 43.3145454174 0
"TCGA-XX-A899-01A-11R-A36F-07" 10.629121837 38.6327846842 43.6374364415 0
"TCGA-BH-A0H5-01A-21R-A115-07" 23.9714696565 3.90333817805 32.3042550479 0
"TCGA-PE-A5DC-01A-12R-A27Q-07" 23.4717230589 4.54718274379 41.0258548826 0
"TCGA-A2-A0EP-01A-52R-A22U-07" 8.84106173158 0.191072812177 10.9826990064 0
"TCGA-AN-A0FX-01A-11R-A034-07" 1.13404951997 0.639220885698 24.0239825412 0
"TCGA-AC-A23C-01A-12R-A169-07" 98.8145813769 1.08652416818 195.57086901 0
"TCGA-A8-A09M-01A-11R-A00Z-07" 70.739511588 5.19329401973 38.705389778 0
"TCGA-A8-A06X-01A-21R-A00Z-07" 104.189297636 0.096062344361 42.2299094052 0
"TCGA-AR-A1AY-01A-21R-A12P-07" 0.797479542376 0.249808501098 18.0052834114 1
"TCGA-BH-A0HO-01A-11R-A034-07" 25.2630006755 20.2268766837 27.7813635614 0
"TCGA-B6-A0RH-01A-21R-A115-07" 11.5380777772 4.20583108513 133.317114715 0
"TCGA-AC-A3EH-01A-22R-A22K-07" 33.6822708883 0.101789584798 86.2809495226 0
"TCGA-E9-A1N6-01A-11R-A144-07" 34.3451585453 7.95623920145 69.0261756177 0
"TCGA-E2-A106-01A-11R-A10J-07" 57.7214472968 8.51032700409 44.8258633047 0
"TCGA-A8-A08X-01A-21R-A00Z-07" 0.624314610077 0.230661851675 746.540707389 0
"TCGA-AC-A2FB-01A-11R-A17B-07" 17.1571818333 7.52239787574 360.741188198 0
"TCGA-A8-A06O-01A-11R-A00Z-07" 81.6331174576 18.6341327592 40.7330047281 0
"TCGA-A1-A0SB-01A-11R-A144-07" 3.16083767041 0.030150899055 32.3532474411 0
"TCGA-BH-A1EW-01A-11R-A137-07" 29.9789274694 18.903315196 42.4654618211 1
"TCGA-AC-A2FO-01A-11R-A180-07" 71.3372809502 0.90242279061 68.0467202713 0
"TCGA-E2-A15L-01A-11R-A12D-07" 51.0364796636 12.3875097557 37.5193803353 0
"TCGA-BH-A1ES-01A-11R-A137-07" 43.4565288445 5.16629479224 37.3137466298 0
"TCGA-AC-A62V-01A-11R-A31O-07" 28.1756692724 0.120092377266 28.5888958006 0
"TCGA-AR-A0TT-01A-31R-A084-07" 23.6518533206 0.140339355373 21.9195614112 0
"TCGA-BH-A0BJ-01A-11R-A056-07" 23.2400495361 18.841318494 42.1643735712 0
"TCGA-AC-A23E-01A-11R-A157-07" 16.166613716 19.6365952389 29.0614748365 0
"TCGA-E9-A1NI-01A-11R-A14D-07" 70.4833116138 3.12814643356 32.8592182167 0
"TCGA-A8-A08L-01A-11R-A00Z-07" 8.29863077721 0.0235581051674 59.0704644849 0
"TCGA-AC-A3HN-01A-11R-A213-07" 49.2808994894 1.7872552517 49.416038742 0
"TCGA-E2-A14N-01A-31R-A137-07" 0.107522335794 0.167875795025 5.56462498657 1
"TCGA-A2-A0T3-01A-21R-A115-07" 51.2803806314 33.0569647818 33.2854549943 0
"TCGA-AO-A03V-01A-11R-A115-07" 20.3494974849 15.2616243125 28.6012152091 0
"TCGA-EW-A1IZ-01A-11R-A13Q-07" 25.4975894368 0.168743619378 38.6277289418 0
"TCGA-BH-A0BO-01A-23R-A12D-07" 40.8930021271 6.19132617059 32.2362976823 0
"TCGA-A2-A0EN-01A-13R-A084-07" 27.5130514893 0.227709456155 30.96514197 0
"TCGA-EW-A1IW-01A-11R-A13Q-07" 56.6076735412 20.8734483948 583.224424478 0
"TCGA-AQ-A0Y5-01A-11R-A14M-07" 4.4881873774 0.343790349736 626.893874513 0
"TCGA-D8-A1JT-01A-31R-A13Q-07" 92.3647156143 34.9118445743 18.7869455931 0
"TCGA-S3-A6ZH-01A-22R-A32P-07" 18.1478538156 33.5230170414 65.2881617418 0
"TCGA-EW-A1J2-01A-21R-A13Q-07" 53.0320364766 9.21962449776 66.2069277988 0
"TCGA-AN-A0XV-01A-11R-A109-07" 110.328300539 3.50438466552 22.1714717197 0
"TCGA-A2-A04X-01A-21R-A034-07" 4.55578025401 3.5880923699 326.535115694 0
"TCGA-A8-A07B-01A-11R-A00Z-07" 26.574793418 3.52877382678 181.29819453 0
"TCGA-AR-A1AQ-01A-11R-A12P-07" 0.618733055442 0.0274662989988 23.3109169142 1
"TCGA-A2-A0EW-01A-21R-A115-07" 33.7915377945 7.75223212047 36.0917364796 0
"TCGA-A8-A06Y-01A-21R-A00Z-07" 139.723552665 0.42946693088 46.0657341296 0
"TCGA-D8-A1Y1-01A-21R-A14M-07" 37.4419171003 27.8520838943 30.0882299491 0
"TCGA-3C-AALK-01A-11R-A41B-07" 8.74659222585 6.95489978422 165.805485774 0
"TCGA-A8-A08F-01A-11R-A00Z-07" 72.7928656721 1.26123189684 33.6535771042 0
"TCGA-LL-A73Z-01A-11R-A32P-07" 7.19271370536 2.09921423837 28.343853144 0
"TCGA-AQ-A54N-01A-11R-A266-07" 0.0502695793296 0.00406925446161 14.0185788604 1
"TCGA-A7-A13F-01A-11R-A12P-07" 25.2806840831 14.3859719712 57.2874940747 0
"TCGA-AO-A12D-01A-11R-A115-07" 0.634965825724 0.213009608131 930.164557684 0
"TCGA-AC-A2FE-01A-11R-A19W-07" 17.2346509162 2.79170931183 45.7831542619 0
"TCGA-EW-A1OX-01A-11R-A144-07" 53.185171994 2.5915406108 28.901274287 0
"TCGA-D8-A27G-01A-11R-A16F-07" 19.6441745376 0.241072243493 96.9687661729 0
"TCGA-C8-A273-01A-11R-A16F-07" 36.5155280323 2.7782964351 18.1069603516 0
"TCGA-OL-A5RX-01A-11R-A28M-07" 22.5778898892 21.4377568764 68.2246901265 0
"TCGA-AC-A2QH-01B-04R-A22O-07" 0.540770444418 0.0145915453773 2.94293133631 1
"TCGA-UL-AAZ6-01A-11R-A41B-07" 27.4285168046 1.2437849644 692.900712231 0
"TCGA-A2-A0CO-01A-13R-A22K-07" 24.4308799963 3.0461026141 55.3167068995 0
"TCGA-C8-A137-01A-11R-A115-07" 1.30954083154 0.0957781650303 612.725295842 0
"TCGA-BH-A18V-01A-11R-A12D-07" 0.637371905529 0.0916713457258 26.1234440805 1
"TCGA-D8-A27M-01A-11R-A16F-07" 0.821417516158 0.176201316721 12.239183472 1
"TCGA-A2-A1FX-01A-11R-A13Q-07" 58.9144597974 12.3666503254 29.9645487061 0
"TCGA-AO-A0JA-01A-11R-A056-07" 25.4025830774 1.99312302076 25.5810751931 0
"TCGA-B6-A0RM-01A-11R-A084-07" 149.065862966 19.8532322023 14.9775560427 0
"TCGA-A2-A0ET-01A-31R-A034-07" 78.721467905 8.58082886463 44.3771849531 0
"TCGA-B6-A0I5-01A-11R-A034-07" 14.8183732147 5.70798705576 49.1653590976 0
"TCGA-GM-A3XN-01A-12R-A22U-07" 8.20331898063 15.2650480831 29.1174746987 0
"TCGA-A8-A09Q-01A-11R-A00Z-07" 89.8701608635 19.3797075088 19.3390825758 0
"TCGA-AR-A24T-01A-11R-A169-07" 32.9273994845 54.8076076179 34.9181537406 0
"TCGA-EW-A2FS-01A-11R-A17B-07" 37.0333573921 0.355411290277 39.5399498276 0
"TCGA-AN-A046-01A-21R-A034-07" 63.620846809 49.343067304 33.058040689 0
"TCGA-E9-A227-01A-11R-A157-07" 27.7563412728 12.7194833902 22.5409135449 0
"TCGA-WT-AB41-01A-11R-A41B-07" 29.9638184318 0.668254264317 28.3171836851 0
"TCGA-AO-A0JF-01A-11R-A056-07" 38.386392651 7.96694011605 35.7862491516 0
"TCGA-A7-A5ZX-01A-12R-A29R-07" 14.7976907373 8.10804197457 71.8394713956 0
"TCGA-D8-A142-01A-11R-A115-07" 0.273930983268 0.295350908682 28.6979405715 1
"TCGA-AQ-A04J-01A-02R-A034-07" 0.770123958231 0.293367025387 16.7634856315 1
"TCGA-A8-A07E-01A-11R-A034-07" 56.8700384871 0.959668315706 19.1211254729 0
"TCGA-A1-A0SN-01A-11R-A144-07" 47.4221618833 4.56472645673 738.321949832 0
"TCGA-A2-A0T6-01A-11R-A084-07" 10.8933461512 12.6904256617 60.0619157244 0
"TCGA-D8-A1XV-01A-11R-A14M-07" 150.61054543 28.4983345913 9.68329525074 0
"TCGA-D8-A1JI-01A-11R-A13Q-07" 56.765900663 66.3450303027 29.6786304182 0
"TCGA-AC-A7VC-01A-11R-A352-07" 0.158793760809 0.173798687059 5.49341494046 1
"TCGA-E2-A3DX-01A-21R-A213-07" 28.0029576503 18.3621516025 121.866575498 0
"TCGA-D8-A27F-01A-11R-A16F-07" 0.185253008017 0.107726226984 20.0183693524 1
"TCGA-BH-A0DE-01A-11R-A115-07" 28.6273406147 5.30953385713 61.0609041183 0
"TCGA-AR-A1AN-01A-11R-A12P-07" 21.9122668696 25.5948361752 18.2146672079 0
"TCGA-E2-A1IG-01A-11R-A144-07" 31.24795754 1.92152638897 43.3091676186 0
"TCGA-OL-A5RY-01A-21R-A28M-07" 0.986110295316 0.384753100838 658.800980756 0
"TCGA-A2-A3KC-01A-11R-A213-07" 38.7637804578 9.49130655943 78.5270377609 0
"TCGA-BH-A0H0-01A-11R-A056-07" 52.1713958707 0.242977569135 41.237881228 0
"TCGA-E2-A1IO-01A-11R-A144-07" 21.7699077365 8.32411338951 47.4987028355 0
"TCGA-AO-A0JD-01A-11R-A056-07" 41.4473931903 6.10368940315 22.7562585231 0
"TCGA-B6-A0IC-01A-11R-A034-07" 145.458161448 30.182723377 43.787438762 0
"TCGA-BH-A0DT-01A-21R-A12D-07" 31.4638611795 30.390746295 46.9167998366 0
"TCGA-C8-A12O-01A-11R-A115-07" 23.3476792104 6.66830305438 25.3883751114 0
"TCGA-A7-A5ZV-01A-11R-A28M-07" 0.0870936859046 0.0234457348957 39.3488591165 1
"TCGA-D8-A1JS-01A-11R-A13Q-07" 49.8939294229 25.7944103111 47.8402820496 0
"TCGA-A7-A4SA-01A-11R-A266-07" 25.3445744655 0.605751879778 58.0416552575 0
"TCGA-A2-A1FZ-01A-51R-A14D-07" 79.4579082686 24.9714120201 47.3573337889 0
"TCGA-AR-A1AX-01A-11R-A12P-07" 18.0482955268 17.3838055002 173.229079523 0
"TCGA-E2-A1BD-01A-11R-A12P-07" 51.8441866842 23.4350747143 29.2034255891 0
"TCGA-EW-A1PH-01A-11R-A14M-07" 0.0757588407204 0.0923660247624 32.0575698474 1
"TCGA-3C-AAAU-01A-11R-A41B-07" 13.6995264247 7.89191292656 36.7707975025 0
"TCGA-A8-A09V-01A-11R-A034-07" 39.342349584 46.9618080493 35.0797542813 0
"TCGA-D8-A1JM-01A-11R-A13Q-07" 5.00484982648 0.00788760012964 21.8518152452 0
"TCGA-AN-A0FV-01A-11R-A00Z-07" 1.05445781483 0.0897267429603 863.307479372 0
"TCGA-E2-A1IK-01A-11R-A144-07" 122.017117175 11.9025184974 8.18731302518 0
"TCGA-A8-A08G-01A-11R-A00Z-07" 67.3048426413 3.29358645756 44.7307276069 0
"TCGA-BH-A0HP-01A-12R-A084-07" 50.0955465605 0.757023582929 29.9719144743 0
"TCGA-BH-A0EA-01A-11R-A115-07" 46.5751860679 2.12500563499 55.8884760983 0
"TCGA-A2-A0T2-01A-11R-A084-07" 0.157241914786 0.0454745427754 16.3077080173 1
"TCGA-A1-A0SQ-01A-21R-A144-07" 46.8365449335 25.9269156831 27.4884744249 0
"TCGA-BH-A0B9-01A-11R-A056-07" 0.126171229737 0.0192785298307 7.28551544517 1
"TCGA-E2-A1IF-01A-11R-A144-07" 38.3393557187 3.02363122043 24.6083272934 0
"TCGA-BH-AB28-01A-31R-A41B-07" 66.3668918587 12.6159798571 94.1160490761 0
"TCGA-E2-A14U-01A-11R-A22K-07" 54.9361491797 19.7732283887 75.6476280585 0
"TCGA-A7-A4SB-01A-21R-A266-07" 22.2175427424 1.81148950874 68.009676474 0
"TCGA-GM-A2DD-01A-11R-A180-07" 0.2841950013 0.0851875760057 33.3908791073 1
"TCGA-E2-A570-01A-11R-A29R-07" 25.0596530035 16.6020215135 41.0784112566 0
"TCGA-AC-A8OR-01A-21R-A41B-07" 72.4921642212 15.3368250231 22.3200732007 0
"TCGA-A7-A3IZ-01A-11R-A213-07" 186.945881723 0.150365424707 51.7644620489 0
"TCGA-BH-A1F8-01A-11R-A13Q-07" 127.633033908 0.402497896427 27.7752909354 0
"TCGA-AC-A8OP-01A-11R-A36F-07" 75.3638727917 0.304223525691 57.3046514925 0
"TCGA-BH-A0DG-01A-21R-A12P-07" 15.6706559 0.595011601479 21.9003907052 0
"TCGA-E9-A1NC-01A-21R-A26B-07" 0.105522949857 0.0749151231385 15.905960924 0
"TCGA-AR-A1AI-01A-11R-A12P-07" 2.40567943331 0.0198854184314 23.9425973951 1
"TCGA-AR-A2LJ-01A-12R-A19W-07" 6.9810379614 4.09499613795 304.480401669 0
"TCGA-E2-A1IN-01A-11R-A13Q-07" 69.5870202917 25.9753641112 27.5612910668 0
"TCGA-AC-A6NO-01A-12R-A33J-07" 24.0026259026 17.547964486 58.496547603 0
"TCGA-A8-A092-01A-11R-A00Z-07" 17.4432879088 16.4379358864 63.5300227301 0
"TCGA-AO-A12C-01A-11R-A10J-07" 18.88032694 3.5948086685 95.6658914801 0
"TCGA-A2-A0CQ-01A-21R-A034-07" 53.2020526231 11.3432912202 32.0980719134 0
"TCGA-D8-A147-01A-11R-A115-07" 0.127502693017 0.0735260531585 23.7704650501 1
"TCGA-EW-A1PE-01A-11R-A144-07" 112.450295314 8.75381629944 34.5466131388 0
"TCGA-AO-A0J9-01A-11R-A034-07" 22.3889702262 3.10845151741 10.583758077 0
"TCGA-EW-A1OZ-01A-11R-A144-07" 12.2682384653 0.212080772722 621.776127697 0
"TCGA-D8-A27T-01A-11R-A16F-07" 75.4404217038 25.9995102038 48.3408260004 0
"TCGA-XX-A89A-01A-11R-A36F-07" 8.92474577167 5.61832974895 14.7034581357 0
"TCGA-A2-A4S2-01A-12R-A266-07" 23.807228991 17.4029569127 41.46727941 0
"TCGA-A8-A06Z-01A-11R-A00Z-07" 61.3842246276 7.18355286151 52.3753260744 0
"TCGA-B6-A1KC-01B-11R-A157-07" 40.9627476797 0.0889540997371 20.6491344887 0
"TCGA-C8-A8HP-01A-11R-A36F-07" 0.206737402174 0.0725724616688 874.718097828 0
"TCGA-B6-A0IA-01A-11R-A034-07" 27.9860918529 25.1183036793 20.5149799872 0
"TCGA-BH-A0B5-01A-11R-A12P-07" 14.6428882182 4.91251344396 42.4335974841 0
"TCGA-5L-AAT0-01A-12R-A41B-07" 24.8147533558 2.4636248844 46.8081034169 0
"TCGA-AO-A0J6-01A-11R-A034-07" 0.706623865199 0.00475468041811 20.3931624525 1
"TCGA-BH-A1FG-01A-11R-A13Q-07" 148.82398989 14.4852962224 31.4899206933 0
"TCGA-EW-A1J6-01A-11R-A13Q-07" 91.1737372647 6.75385353388 15.9968033803 0
"TCGA-E2-A1LL-01A-11R-A144-07" 1.51413078628 0.493375936952 12.1969890833 1
"TCGA-BH-A18Q-01A-12R-A12D-07" 2.83179051897 1.0988543753 20.9269313576 1
"TCGA-A8-A07P-01A-11R-A00Z-07" 117.154953097 4.58474249845 145.431118651 0
"TCGA-A2-A25F-01A-11R-A169-07" 0.618440721404 0.225524475901 5.18743995083 0
"TCGA-AN-A0G0-01A-11R-A034-07" 0.0318082537339 0.0345188833534 30.5218640691 1
"TCGA-A2-A1G1-01A-21R-A13Q-07" 0.532370035843 0.17102961172 819.759152594 0
"TCGA-GM-A3NW-01A-21R-A22K-07" 29.7322947515 0.137852755153 59.4287570133 0
"TCGA-BH-A28O-01A-11R-A22K-07" 5.80876915423 1.73217266689 38.5747722733 0
"TCGA-A7-A56D-01A-11R-A27Q-07" 16.690329807 0.858359699579 24.7760082182 0
"TCGA-D8-A1J9-01A-11R-A13Q-07" 9.31886378584 0.222696777558 859.925278543 0
"TCGA-D8-A1JC-01A-11R-A13Q-07" 103.959133515 3.03069514365 31.9030455541 0
"TCGA-A8-A06Q-01A-11R-A034-07" 34.0013960822 13.0056266674 30.4524588186 0
"TCGA-AR-A2LM-01A-11R-A180-07" 26.0367570521 44.4640779731 57.8441594802 0
"TCGA-LL-A6FR-01A-12R-A31O-07" 0.325485822302 0.0389548398351 32.1315990128 0
"TCGA-AN-A0FK-01A-11R-A034-07" 128.256529289 31.5932979857 25.6181467177 0
"TCGA-AN-A0FY-01A-11R-A034-07" 44.5763337347 44.9686151204 20.5596575244 0
"TCGA-EW-A1OY-01A-11R-A144-07" 102.60944288 10.7194355897 43.8125838884 0
"TCGA-EW-A1P5-01A-11R-A144-07" 108.874113294 50.3168939627 23.9544094378 0
"TCGA-EW-A2FR-01A-11R-A21T-07" 0.616163753139 0.339256373227 793.554422053 0
"TCGA-BH-A0BV-01A-11R-A00Z-07" 80.8821882517 19.4531330125 31.2579613784 0
"TCGA-AR-A0TU-01A-31R-A109-07" 1.33939894919 0.0146722936397 8.49531589665 1
"TCGA-AO-A0JI-01A-21R-A056-07" 81.298995311 0.451389761585 52.5603453544 0
"TCGA-E2-A572-01A-13R-A31O-07" 10.9821114634 0.538895965779 40.0616891048 0
"TCGA-AR-A250-01A-31R-A169-07" 66.0730138585 0.296903725479 268.383859939 0
"TCGA-EW-A1P4-01A-21R-A144-07" 0.190760277813 0.033754161522 14.0612516823 1
"TCGA-AR-A24P-01A-11R-A169-07" 46.5694158816 10.2954052968 51.5867885009 0
"TCGA-B6-A402-01A-11R-A239-07" 0.193819331671 0.0262875591535 22.3753165926 1
"TCGA-A2-A0D1-01A-11R-A034-07" 0.208715012408 0.0429850615427 372.912378301 0
"TCGA-A2-A3Y0-01A-11R-A239-07" 2.18089099324 0.0272416705131 11.3363276216 0
"TCGA-EW-A3E8-01B-11R-A24H-07" 18.1036432215 4.41517228818 70.1463779204 0
"TCGA-A8-A09K-01A-11R-A00Z-07" 165.264571231 1.209291828 42.2140488043 0
"TCGA-A2-A0CL-01A-11R-A115-07" 4.30238741234 0.698988902008 17.359385827 0
"TCGA-AR-A0U3-01A-11R-A109-07" 123.657903166 3.72888493379 26.7622509346 0
"TCGA-E2-A15D-01A-11R-A115-07" 23.8402320642 24.2633136664 50.7742769531 0
"TCGA-A2-A25D-01A-12R-A16F-07" 7.81230352974 0.0681895265102 43.2648048554 0
"TCGA-AO-A03U-01B-21R-A10J-07" 0.558963675888 0.123627446812 17.0636215779 1
"TCGA-D8-A143-01A-11R-A115-07" 0.0691424973054 0.0443281738507 18.6788635339 1
"TCGA-BH-A0DK-01A-21R-A056-07" 19.9693038124 7.65982263866 13.8145753542 0
"TCGA-E2-A1BC-01A-11R-A12P-07" 27.8810424086 12.8269423836 49.6730524609 0
"TCGA-A2-A0CZ-01A-11R-A034-07" 6.23925321694 1.03790935782 28.0842802121 0
"TCGA-EW-A1IY-01A-11R-A13Q-07" 23.8363950136 12.3300492256 10.5733863497 0
"TCGA-GM-A2DO-01A-11R-A18M-07" 12.8563556676 6.55880041086 24.0667531785 0
"TCGA-E2-A14Q-01A-11R-A12D-07" 124.325139112 17.0200166856 26.6959540754 0
"TCGA-AN-A0XU-01A-11R-A109-07" 2.71906841734 0.017247757948 29.0362267985 1
"TCGA-A8-A08O-01A-21R-A056-07" 24.1979481929 13.9784218229 58.6639586328 0
"TCGA-A1-A0SH-01A-11R-A084-07" 4.05327401578 12.3949784712 72.7373991282 0
"TCGA-AC-A3QQ-01B-06R-A22O-07" 52.757326398 7.83423261153 199.245618377 0
"TCGA-BH-A0DI-01A-21R-A12P-07" 13.0822231584 2.03936169437 41.7204622364 0
"TCGA-AO-A0J4-01A-11R-A034-07" 0.1438689775 0.0794107311054 19.029172998 1
"TCGA-A8-A08H-01A-21R-A00Z-07" 8.61721306553 2.28100608505 10.5358721495 0
"TCGA-D8-A1X6-01A-11R-A14M-07" 91.9792803491 35.4219047956 27.779399059 0
"TCGA-E2-A15T-01A-11R-A115-07" 138.657388097 0.778528169273 55.1378784131 0
"TCGA-A7-A4SE-01A-11R-A266-07" 0.412526735075 0.20366717307 16.9923100276 1
"TCGA-A8-A09A-01A-11R-A00Z-07" 41.2368690944 1.3167936431 87.9468038218 0
"TCGA-D8-A27I-01A-11R-A16F-07" 41.9533556397 8.25337774288 31.6664626135 0
"TCGA-EW-A6SC-01A-12R-A32P-07" 60.5080979138 4.36852991655 29.8975600863 0
"TCGA-AR-A256-01A-11R-A169-07" 0.139856720001 0.0415111119147 9.63286703342 1
"TCGA-EW-A6SA-01A-21R-A32P-07" 105.127893371 0.040156822408 32.1850947568 0
"TCGA-AC-A3TN-01A-11R-A22K-07" 70.5122877739 5.73716281461 69.0427890529 0
"TCGA-A7-A0DA-01A-31R-A115-07" 0.161245602295 0.12032303512 24.3006327722 1
"TCGA-EW-A1PG-01A-11R-A144-07" 13.1804008645 7.08656757825 36.0688830244 0
"TCGA-LL-A5YN-01A-11R-A28M-07" 11.0934770971 1.26992501378 65.2462950148 0
"TCGA-A7-A3J1-01A-11R-A213-07" 47.0344434136 0.443074825696 65.8160213477 0
"TCGA-E9-A22H-01A-11R-A157-07" 69.7954960107 44.2373263764 29.5792648117 0
"TCGA-BH-A0HF-01A-11R-A056-07" 52.2283305134 2.06054746961 25.9868014366 0
"TCGA-LL-A9Q3-01A-11R-A41B-07" 41.4745205274 0.0808715694933 57.6503185483 0
"TCGA-E2-A108-01A-13R-A10J-07" 12.4342651554 2.95827499902 14.317804504 0
"TCGA-E9-A5FK-01A-11R-A27Q-07" 20.605972068 6.99158012495 31.1665428053 0
"TCGA-AR-A24Z-01A-11R-A169-07" 148.603175981 12.5448525012 19.5737678709 0
"TCGA-E2-A1L9-01A-11R-A13Q-07" 37.9671740851 7.65342141423 25.088627807 0
"TCGA-AN-A049-01A-21R-A00Z-07" 114.924823194 11.5883667907 74.7363163023 0
"TCGA-E2-A15R-01A-11R-A115-07" 114.833578743 1.14524745578 43.0789615911 0
"TCGA-D8-A1Y0-01A-11R-A14M-07" 59.6394174627 18.5725652859 23.7524504568 0
"TCGA-A8-A085-01A-11R-A00Z-07" 67.0972741278 0.0546566300223 44.3523986591 0
"TCGA-E2-A14X-01A-11R-A115-07" 0.929049587277 0.114282575325 19.8215742581 1
"TCGA-EW-A424-01A-11R-A24H-07" 19.1135105205 16.3612173014 35.017332756 0
"TCGA-A2-A25E-01A-11R-A169-07" 35.0634940254 9.46230849792 39.6191470205 0
"TCGA-BH-A0DP-01A-21R-A056-07" 59.788758615 35.4631304737 32.0167246349 0
"TCGA-BH-A0BM-01A-11R-A056-07" 21.8158455679 0.909245466048 30.1301991601 0
"TCGA-BH-A0GZ-01A-11R-A056-07" 74.0464506581 9.93852890664 28.7651387224 0
"TCGA-E2-A14W-01A-11R-A12D-07" 48.3307484381 13.9652235493 37.4336342144 0
"TCGA-OL-A66P-01A-11R-A31O-07" 0.45492060781 0.0886106566602 66.9650732501 1
"TCGA-MS-A51U-01A-31R-A266-07" 14.7220200261 8.52245891346 57.9263109515 0
"TCGA-BH-A1FH-01A-12R-A13Q-07" 17.8728418657 4.20089723538 18.385709849 0
"TCGA-B6-A0WZ-01A-11R-A109-07" 49.5812025278 23.2436696673 38.1410593915 0
"TCGA-A2-A0YF-01A-21R-A109-07" 151.868073622 5.16400665326 34.7752327111 0
"TCGA-E2-A1IJ-01A-11R-A144-07" 31.0165527429 22.2027809118 53.9962919992 0
"TCGA-BH-A0C3-01A-21R-A12P-07" 15.6337710295 1.25063715714 31.2772440031 0
"TCGA-E2-A2P6-01A-11R-A19W-07" 82.4143937854 0.274087208387 50.4281565541 0
"TCGA-A8-A08A-01A-11R-A32Y-07" 79.7374084672 14.3756755608 45.3171966461 0
"TCGA-E2-A1LS-01A-12R-A157-07" 0.142518313763 0.116563042421 4.65613524976 1
"TCGA-A2-A0EU-01A-22R-A056-07" 73.7766147341 51.6785361552 30.4880371618 0
"TCGA-AR-A24V-01A-21R-A169-07" 22.9626135566 4.02541205384 29.0388339805 0
"TCGA-D8-A140-01A-11R-A115-07" 86.3930093275 0.385304971056 85.1683032245 0
"TCGA-A8-A07J-01A-11R-A00Z-07" 17.8958482349 7.76317473771 40.8779958931 0
"TCGA-E2-A1LH-01A-11R-A14D-07" 0.295058240319 0.0481337808829 20.8287300904 1
"TCGA-A8-A07L-01A-11R-A00Z-07" 201.911040148 2.8992038324 35.3286408282 0
"TCGA-GM-A2DB-01A-31R-A18M-07" 0.26232512283 0.0444001700183 17.7782221317 1
"TCGA-EW-A1PD-01A-11R-A144-07" 50.4212712387 1.22851871709 85.7304802777 0
"TCGA-A8-A0A7-01A-11R-A00Z-07" 2.51716454457 0.689051496021 267.132883302 0
"TCGA-E2-A15H-01A-11R-A12D-07" 19.0409129989 3.8376560666 329.951829585 0
"TCGA-AO-A03O-01A-11R-A00Z-07" 63.992351906 6.61017462254 31.1282369992 0
"TCGA-S3-AA10-01A-21R-A41B-07" 0.294424250054 0.0585547741721 20.376970896 1
"TCGA-A7-A0CE-01A-11R-A00Z-07" 3.13212381243 0.426713900599 36.8773661368 1
"TCGA-BH-A0DD-01A-31R-A12P-07" 72.5596815243 59.8727330181 197.657999226 0
"TCGA-EW-A1P6-01A-11R-A144-07" 91.6177236415 96.3330522968 32.1333126342 0
"TCGA-A8-A093-01A-11R-A00Z-07" 92.5797383839 24.5999988806 54.5873719658 0
"TCGA-E2-A1AZ-01A-11R-A12P-07" 0.647734529838 0.418155042643 24.9688277919 1
"TCGA-HN-A2NL-01A-11R-A18M-07" 0.27457779277 0.0179154874301 3.22886550522 1
"TCGA-AO-A0J2-01A-11R-A034-07" 0.434963026718 0.0279063531908 42.161287893 1
"TCGA-A2-A0D2-01A-21R-A034-07" 0.22048796617 0.202037503492 17.5591316881 1
"TCGA-B6-A0IJ-01A-11R-A034-07" 1.18315708887 0.458711680364 11.1247410339 0
"TCGA-B6-A0WS-01A-11R-A115-07" 62.0447893537 11.1986877708 23.9828135634 0
"TCGA-BH-A0WA-01A-11R-A109-07" 0.169615446828 0.0957242226804 19.5524343994 1
"TCGA-AO-A12H-01A-11R-A115-07" 180.722388489 1.07515835557 21.5533983236 0
"TCGA-AO-A129-01A-21R-A10J-07" 0.83644558461 0.217426240923 14.2817887125 1
"TCGA-C8-A26X-01A-31R-A16F-07" 0.415470243032 0.127914672237 60.1171875785 1
"TCGA-AR-A24R-01A-11R-A169-07" 34.1220097052 4.49746327489 24.5127675286 0
"TCGA-OL-A5RZ-01A-11R-A28M-07" 0.356993060401 0.016263584921 1009.63609473 0
"TCGA-E2-A9RU-01A-11R-A41B-07" 16.7496955805 0.382150066652 23.5073069764 0
"TCGA-EW-A1P8-01A-11R-A144-07" 1.06547759622 0.217559459742 17.1730839674 1
"TCGA-E2-A14P-01A-31R-A12D-07" 0.380742555242 0.118237015412 877.431753957 0
"TCGA-B6-A408-01A-12R-A24H-07" 87.6001286291 5.8834149472 41.9810446906 0
"TCGA-AN-A0FZ-01A-11R-A034-07" 36.667386593 0.154449034121 63.5855150127 0
"TCGA-AR-A2LQ-01A-22R-A18M-07" 6.09690578174 0.847620408167 46.7870727154 0
"TCGA-C8-A12U-01A-11R-A115-07" 17.9729943856 0.258982986139 21.7040368034 0
"TCGA-C8-A1HK-01A-21R-A13Q-07" 0.673126525078 0.103286639769 633.131704903 0
"TCGA-E2-A152-01A-11R-A12D-07" 1.74816076814 0.174914735043 1243.25372593 0
"TCGA-E2-A56Z-01A-12R-A29R-07" 85.8425510621 1.41332306727 33.0393541116 0
"TCGA-E2-A15J-01A-11R-A12P-07" 16.5862303403 6.09291497797 48.9622793234 0
"TCGA-OL-A66O-01A-11R-A31O-07" 11.2423067752 3.32937612483 29.8463288505 0
"TCGA-BH-A1EN-01A-11R-A13Q-07" 0.775746383953 0.0518526840782 789.890587259 0
"TCGA-E2-A10B-01A-11R-A10J-07" 83.8587045095 5.50362177492 27.0874849321 0
"TCGA-BH-A209-01A-11R-A157-07" 27.3940296952 7.07763331794 9.99769379013 0
"TCGA-A2-A0D0-01A-11R-A00Z-07" 0.0580209481153 0.00939343456356 11.8042933101 1
"TCGA-AQ-A1H2-01A-11R-A13Q-07" 227.900405219 0.659137909717 50.4921876158 0
"TCGA-E9-A1NF-01A-11R-A14D-07" 53.353569407 0.782059627508 17.9216399702 0
"TCGA-A2-A04T-01A-21R-A034-07" 0.112774299732 0.0487177393846 23.4084182698 1
"TCGA-AO-A0JE-01A-11R-A056-07" 0.655505700872 0.13539678492 213.319643162 0
"TCGA-AO-A126-01A-11R-A10J-07" 8.7464925088 0.604414123648 28.0865026376 0
"TCGA-BH-A0BT-01A-11R-A12P-07" 26.9045249705 21.0170370762 76.9031585014 0
"TCGA-BH-A5J0-01A-11R-A27Q-07" 41.5259389405 0.797932262269 21.1802372643 0
"TCGA-BH-A18K-01A-11R-A12D-07" 25.774602329 4.2912126601 27.8779140838 0
"TCGA-E2-A1LB-01A-11R-A144-07" 0.415068457563 0.0911321588867 1129.86492066 0
"TCGA-A2-A04W-01A-31R-A115-07" 0.477789976945 0.0884580249455 397.671537956 0
"TCGA-D8-A1X7-01A-11R-A14M-07" 86.2970118115 44.0334742886 9.20409384463 0
"TCGA-EW-A1J1-01A-11R-A13Q-07" 54.9434071637 31.1072487566 36.8621426116 0
"TCGA-BH-A0BF-01A-21R-A12P-07" 6.722668295 3.15268694832 16.4445863504 0
"TCGA-B6-A0WY-01A-11R-A109-07" 12.2967613032 7.69064831788 44.0078008522 0
"TCGA-EW-A1PC-01B-11R-A21T-07" 22.2044232948 0.558047673167 52.9470833337 0
"TCGA-BH-A1F6-01A-11R-A13Q-07" 0.492976866085 0.080224439935 17.9311775732 1
"TCGA-A8-A09I-01A-22R-A034-07" 24.1657311304 0.0647658984188 937.187184277 0
"TCGA-OL-A5DA-01A-11R-A27Q-07" 36.6543047351 4.84041135729 55.6962287618 0
"TCGA-B6-A1KI-01A-11R-A14M-07" 100.787141116 4.51518543202 56.3916244311 0
"TCGA-AN-A0AJ-01A-11R-A00Z-07" 46.8102448248 25.7147157987 29.0209184083 0
"TCGA-A2-A3XY-01A-11R-A239-07" 0.248362848022 0.289506767887 20.8789129085 1
"TCGA-EW-A1P7-01A-21R-A144-07" 2.09345506362 1.43900931704 47.2734498901 1
"TCGA-C8-A12M-01A-11R-A115-07" 117.802601993 0.355572813407 64.1217338326 0
"TCGA-A8-A06R-01A-11R-A00Z-07" 59.8033160697 0.201527876515 12.1779277434 0
"TCGA-B6-A0X0-01A-21R-A115-07" 30.8971709159 17.0608079749 57.5792215317 0
"TCGA-AR-A0TR-01A-11R-A084-07" 137.555000702 48.4978879854 49.5970429667 0
"TCGA-BH-A2L8-01A-11R-A18M-07" 8.00867415177 12.3371431553 28.4691299553 0
"TCGA-AR-A0TP-01A-11R-A084-07" 0.0350576012942 0.0291354182348 13.3897587986 0
"TCGA-BH-A0BD-01A-11R-A034-07" 19.0878198531 80.2818508217 23.005586442 0
"TCGA-E2-A15M-01A-11R-A12D-07" 38.6257406984 7.39229578335 53.3676143826 0
"TCGA-E2-A107-01A-11R-A10J-07" 47.3372901278 0.310053085951 66.5274742804 0
"TCGA-A8-A09Z-01A-11R-A00Z-07" 41.0127860594 0.0100217412786 54.6351006249 0
"TCGA-BH-A18G-01A-11R-A12D-07" 0.144753902751 0.0413121664328 7.97435271463 1
"TCGA-A8-A09X-01A-11R-A00Z-07" 0.401500676342 0.0938316081096 31.5328737413 1
"TCGA-BH-A0DZ-01A-11R-A00Z-07" 5.9644880285 1.82797969769 194.129380404 0
"TCGA-BH-A0BG-01A-11R-A115-07" 0.202971522899 0.0513758705133 21.2189712364 1
"TCGA-EW-A423-01A-11R-A24H-07" 78.6830219945 0.13788292191 50.1439574532 0
"TCGA-AO-A128-01A-11R-A10J-07" 2.37467461564 0.0389329851912 27.4714810098 1
"TCGA-S3-AA0Z-01A-11R-A41B-07" 16.66754167 0.0662318557342 33.0668537988 0
"TCGA-OL-A5RV-01A-12R-A28M-07" 28.8358363416 30.4274277896 79.5944096473 0
"TCGA-C8-A133-01A-32R-A12D-07" 39.9790258019 11.6840875675 25.0272722608 0
"TCGA-BH-A0BL-01A-11R-A115-07" 0.704502680402 0.423158509815 18.1560650375 1
"TCGA-AN-A0XN-01A-21R-A109-07" 11.5913788018 72.9507867572 11.7199192999 0
"TCGA-LL-A5YL-01A-12R-A29R-07" 9.83846799579 0.517333474308 55.3174275896 0
"TCGA-AC-A3BB-01A-21R-A19W-07" 9.53331509449 7.60342944522 35.6352182743 0
"TCGA-BH-A0B1-01A-12R-A056-07" 66.364401236 32.8351673051 26.234122644 0
"TCGA-BH-A0H6-01A-21R-A056-07" 40.8762262531 121.73470663 30.4833600605 0
"TCGA-AN-A041-01A-11R-A034-07" 26.4544881999 0.192894677437 82.9457791698 0
"TCGA-AO-A03N-01B-11R-A10J-07" 14.1836473578 0.145210098221 14.1893088747 0
"TCGA-AR-A255-01A-11R-A169-07" 49.8184025984 29.4488487948 37.8359462216 0
"TCGA-A2-A0T5-01A-21R-A084-07" 23.9856766805 24.9138694549 46.1791306854 0
"TCGA-AR-A1AR-01A-31R-A137-07" 3.09261191312 0.069705788992 7.99343485468 1
"TCGA-EW-A6SB-01A-12R-A32P-07" 0.272907297321 0.0527455411138 14.3564237737 1
"TCGA-E2-A10A-01A-21R-A115-07" 59.4006013739 9.88917917394 32.9858418819 0
"TCGA-BH-A0C1-01B-11R-A12D-07" 30.7557169256 18.4295525411 39.5759875913 0
"TCGA-A2-A0SU-01A-11R-A084-07" 138.415269686 4.41441217254 46.3946484008 0
"TCGA-EW-A1PA-01A-11R-A144-07" 116.43242633 0.939727943615 23.3901515575 0
"TCGA-BH-A1EY-01A-11R-A13Q-07" 43.8818334148 9.86728505891 22.6747989874 0
"TCGA-EW-A3U0-01A-11R-A22K-07" 0.230283698325 0.0442029758128 18.6807353443 1
"TCGA-AR-A0TX-01A-11R-A084-07" 0.735177240602 0.192964723431 734.172414201 0
"TCGA-AR-A24W-01A-11R-A169-07" 47.8295221823 16.1840998833 27.2595807303 0
"TCGA-A7-A3RF-01A-11R-A22K-07" 70.87352224 0.173458627049 3.55301686795 0
"TCGA-A7-A2KD-01A-31R-A21T-07" 40.5511529904 14.2378238384 613.255031549 0
"TCGA-AN-A0XO-01A-11R-A109-07" 71.0857735232 25.7240345015 48.6925227609 0
"TCGA-A7-A6VV-01A-22R-A33J-07" 0.163397024525 0.143306563248 24.133531963 1
"TCGA-AQ-A1H3-01A-31R-A13Q-07" 54.8715300465 31.0174319476 77.534193669 0
"TCGA-A2-A4S1-01A-21R-A266-07" 0.294551615629 0.00923517972654 0.605351401176 0
"TCGA-A2-A0CR-01A-11R-A22K-07" 8.00202343567 6.25655529879 20.9078913757 0
"TCGA-A2-A0EO-01A-11R-A034-07" 25.7377680571 32.9072138295 57.5243365334 0
"TCGA-D8-A1X8-01A-11R-A14M-07" 154.877937885 3.56101688105 48.6506955235 0
"TCGA-BH-A0EI-01A-11R-A115-07" 25.4295932076 0.834790146482 32.2989348384 0
"TCGA-4H-AAAK-01A-12R-A41B-07" 20.866902984 14.576582703 60.5177022472 0
"TCGA-BH-A18M-01A-11R-A12D-07" 27.9778551538 46.4719658832 26.90703843 0
"TCGA-AR-A2LE-01A-11R-A180-07" 68.1006307603 12.6044651681 38.3394051239 0
"TCGA-OL-A66J-01A-11R-A29R-07" 40.1089515058 0.256431445952 72.9419269989 0
"TCGA-A2-A3XS-01A-11R-A22U-07" 0.114683468404 0.0748192667115 31.9150341281 1
"TCGA-BH-A1ET-01A-11R-A137-07" 98.6427956408 30.2955747136 34.9421232815 0
"TCGA-C8-A1HG-01A-11R-A137-07" 38.3245404698 15.6746568304 8.03830712036 0
"TCGA-B6-A40C-01A-11R-A239-07" 6.99535378696 12.7046526574 47.4215422123 0
"TCGA-B6-A40B-01A-11R-A239-07" 12.5537901631 7.5660974805 57.5348282921 0
"TCGA-BH-A1FD-01A-11R-A13Q-07" 88.7504221878 43.0204393847 9.00118329391 0
"TCGA-E2-A155-01A-11R-A12D-07" 95.2518177462 0.30899907432 74.4514502232 0
"TCGA-BH-A0W4-01A-11R-A109-07" 18.8629698052 51.8191717769 44.4781170273 0
"TCGA-E2-A1L8-01A-11R-A13Q-07" 40.4754737225 18.7151806826 28.2923689739 0
"TCGA-BH-A0B3-01A-11R-A056-07" 0.523251266869 1.07581343017 20.5488958924 1
"TCGA-A7-A5ZW-01A-12R-A29R-07" 22.9176535914 22.8469977015 43.3147389637 0
"TCGA-AR-A1AU-01A-11R-A12P-07" 22.4617821403 29.2636451879 34.3843720275 0
"TCGA-B6-A0RV-01A-11R-A084-07" 81.4137662273 35.447871161 25.3584776277 0
"TCGA-A7-A13E-01A-11R-A12P-07" 0.823303632867 0.0574193703019 46.0794854013 0
"TCGA-D8-A27K-01A-11R-A16F-07" 37.656817382 16.9450332337 59.4234933553 0
"TCGA-C8-A3M7-01A-12R-A21T-07" 4.2660969431 0.757809876384 25.4702801695 1
"TCGA-A8-A096-01A-11R-A00Z-07" 59.7193614226 1.21315814842 29.9229909009 0
"TCGA-BH-A18U-01A-21R-A12D-07" 42.3678259979 5.67143936256 625.48965584 0
"TCGA-A1-A0SD-01A-11R-A115-07" 37.8820932916 2.42171430264 65.6212699406 0
"TCGA-C8-A1HE-01A-11R-A13Q-07" 258.766114983 1.02638635897 56.9142479637 0
"TCGA-GM-A3XL-01A-11R-A22U-07" 0.638515820083 0.0400247646406 11.5653972673 1
"TCGA-AR-A24S-01A-11R-A169-07" 46.6621343197 11.6877005219 16.1815640037 0
"TCGA-E2-A15K-01A-11R-A12P-07" 61.3669502807 0.49729872904 45.3864833433 0
"TCGA-E9-A295-01A-11R-A16F-07" 17.3639831314 6.79509844661 34.8292420187 0
"TCGA-A8-A099-01A-11R-A00Z-07" 140.861107174 19.2669592746 54.8048737966 0
"TCGA-D8-A1JK-01A-11R-A13Q-07" 0.403330308993 0.71966025265 22.1931299353 0
"TCGA-D8-A146-01A-31R-A115-07" 96.3631076256 19.2458512795 23.6620090912 0
"TCGA-B6-A0X7-01A-11R-A10J-07" 44.5548018306 2.87482154455 47.4282104259 0
"TCGA-A2-A0YH-01A-11R-A109-07" 44.3381406419 1.69957191032 36.2451046557 0
"TCGA-AC-A3YI-01A-21R-A239-07" 5.65237498629 0.756340105866 60.8661553057 0
"TCGA-A8-A09B-01A-11R-A00Z-07" 95.1239795323 87.6254674512 47.5867100546 0
"TCGA-AR-A0TQ-01A-11R-A084-07" 12.192631821 0.0961360858049 511.775036979 0
"TCGA-C8-A1HF-01A-11R-A137-07" 4.07602101857 0.471035278822 832.352203041 0
"TCGA-C8-A26Y-01A-11R-A16F-07" 0.115840867845 0.0547692623701 22.9169531793 1
"TCGA-AC-A5EH-01A-11R-A28M-07" 1.91587832515 0.0954646309469 32.7292538052 0
"TCGA-D8-A1XU-01A-11R-A14M-07" 83.1844747332 3.58573685542 18.1075395397 0
"TCGA-JL-A3YW-01A-12R-A239-07" 0.354425406058 0.0930471262316 31.4713360568 0
"TCGA-E2-A14R-01A-11R-A115-07" 0.0916562634195 0.0110662991506 21.8946929735 1
"TCGA-A1-A0SP-01A-11R-A084-07" 0.522003957781 0.104746063911 14.8800836541 1
"TCGA-A8-A07C-01A-11R-A034-07" 0.111721665296 0.0485654762181 19.7306523424 1
"TCGA-AO-A0J7-01A-11R-A034-07" 95.6638494734 4.22363354389 38.7318507115 0
"TCGA-E2-A1L6-01A-11R-A13Q-07" 28.3109207075 55.1589218655 32.1122745408 0
"TCGA-A7-A26H-01A-11R-A169-07" 72.5698202341 33.8281934305 55.7541422051 0
"TCGA-A8-A086-01A-11R-A00Z-07" 60.4313560608 68.0334389 20.8115840647 0
"TCGA-OL-A5RW-01A-11R-A28M-07" 0.0992135319927 0.0142489054211 21.0782397064 1
"TCGA-AC-A4ZE-01A-11R-A41B-07" 83.6724709942 13.7010858698 53.1704939716 0
"TCGA-C8-A1HI-01A-11R-A137-07" 25.3632294713 2.82995989333 53.2608229338 0
"TCGA-LL-A50Y-01A-11R-A266-07" 59.2927316219 12.3111514668 77.8541818243 0
"TCGA-AO-A03L-01A-41R-A056-07" 14.7117549909 1.34989072824 58.7157171823 0
"TCGA-A2-A0YG-01A-21R-A109-07" 42.0021983405 0.204139508271 658.328581869 0
"TCGA-LL-A7SZ-01A-32R-A352-07" 9.14308758895 2.04632257194 14.6637065188 0
"TCGA-AO-A12G-01A-11R-A10J-07" 40.392136187 1.79510441672 45.0320542376 0
"TCGA-BH-A0E7-01A-11R-A034-07" 95.0413424101 149.536103932 39.6431467712 0
"TCGA-D8-A1JG-01B-11R-A13Q-07" 0.37638228696 2.25482329121 103.689168711 1
"TCGA-EW-A6S9-01A-22R-A33J-07" 5.9822551707 3.20510501074 671.527679315 0
"TCGA-LL-A440-01A-11R-A24H-07" 22.4795964295 5.85413236558 29.0128563598 0
"TCGA-C8-A26Z-01A-11R-A16F-07" 272.20331783 0.223870072168 59.0187859547 0
"TCGA-A2-A0T7-01A-21R-A084-07" 10.2920538529 2.01247876337 37.271674337 0
"TCGA-BH-A1EV-01A-11R-A137-07" 29.9511246312 0.445890228323 498.549017738 0
"TCGA-E2-A10E-01A-21R-A10J-07" 130.12405734 1.72372455251 45.3760469863 0
"TCGA-AR-A254-01A-21R-A169-07" 6.29513942956 9.41494896721 568.264183566 0
"TCGA-OL-A5D8-01A-11R-A27Q-07" 53.4837702727 46.1866909005 45.7585335962 0
"TCGA-OL-A5RU-01A-11R-A28M-07" 97.9106845035 5.19126869756 73.5172671598 0
"TCGA-AO-A03T-01A-21R-A034-07" 12.9345751921 1.27352588927 17.7204710776 0
"TCGA-D8-A145-01A-11R-A115-07" 76.7069132528 0.87500956671 38.7794148139 0
"TCGA-AR-A0U2-01A-11R-A109-07" 26.9513547166 2.36967430527 36.1964363568 0
"TCGA-E9-A1R2-01A-11R-A14D-07" 40.3264419957 0.129800542296 67.9221461427 0
"TCGA-EW-A1P0-01A-11R-A144-07" 33.947298428 0.115192175935 2.53681832732 0
"TCGA-A2-A0SV-01A-11R-A084-07" 7.98706112889 2.41283767173 31.7607882559 0
"TCGA-AR-A24M-01A-11R-A169-07" 57.5347249579 26.4979268663 36.6048025826 0
"TCGA-D8-A27W-01A-11R-A16F-07" 32.8231668699 0.594324254378 52.3891180293 0
"TCGA-E2-A15S-01A-11R-A115-07" 46.2850500499 0.147443018635 39.9049722787 0
"TCGA-E9-A22B-01A-11R-A157-07" 41.0492752654 0.19549019042 27.0180054998 0
"TCGA-E9-A5FL-01A-11R-A27Q-07" 1.81840209682 0.00622757344471 13.8000942827 1
"TCGA-D8-A1XR-01A-11R-A14M-07" 45.7096621318 33.0389506861 29.1825502752 0
"TCGA-D8-A1JJ-01A-31R-A14M-07" 51.8808206031 0.690831390387 12.8136748356 0
"TCGA-E2-A153-01A-12R-A12D-07" 15.4055334547 15.5642903699 43.8332705161 0
"TCGA-GM-A2DM-01A-11R-A180-07" 36.8777683857 26.0903238801 20.3699340814 0
"TCGA-E9-A1NE-01A-21R-A14M-07" 19.0567053428 1.96700058539 23.2938263671 0
"TCGA-AR-A1AT-01A-11R-A12P-07" 5.61988815382 0.23407698505 918.83570431 0
"TCGA-AO-A0J8-01A-21R-A034-07" 60.4465682665 12.5970803939 50.8041322802 0
"TCGA-A8-A07W-01A-11R-A00Z-07" 130.526115362 12.3262913655 32.5463059355 0
"TCGA-E9-A1NG-01A-21R-A14M-07" 9.63371827099 4.21044484187 22.5910989636 0
"TCGA-E9-A1N9-01A-11R-A14D-07" 75.750624377 0.498032284876 20.2358347867 0
"TCGA-AO-A0J3-01A-11R-A034-07" 81.519210538 4.18877096962 17.4080561602 0
"TCGA-E2-A1LI-01A-12R-A157-07" 0.404666752728 0.0332342733434 26.8143351798 1
"TCGA-E2-A14T-01A-11R-A115-07" 55.892308307 0.535550779801 44.816842637 0
"TCGA-AR-A0TZ-01A-12R-A084-07" 38.6251260171 21.0051240541 58.3703296986 0
"TCGA-D8-A1J8-01A-11R-A13Q-07" 87.4762073253 0.365353925942 7.77554591556 0
"TCGA-AC-A2BK-01A-11R-A21T-07" 0.0606908416369 0.0220576559458 8.76175166926 1
"TCGA-D8-A1XK-01A-21R-A14M-07" 0.080020507216 0.0114356779372 12.8836695068 1
"TCGA-A2-A0YK-01A-22R-A109-07" 51.8062652198 0.787792150412 23.1151356782 0
"TCGA-A8-A084-01A-21R-A00Z-07" 55.6037457198 0.100106132358 29.0868357052 0
"TCGA-BH-A0DX-01A-11R-A115-07" 68.673066266 0.402642518881 14.4665207212 0
"TCGA-A2-A0YI-01A-31R-A10J-07" 78.4614676343 12.0207787916 30.0346351902 0
"TCGA-5L-AAT1-01A-12R-A41B-07" 16.3315627313 0.128506340268 65.7014854195 0
"TCGA-D8-A27E-01A-11R-A16F-07" 186.540555101 0.46894518074 27.5758014176 0
"TCGA-A8-A090-01A-11R-A00Z-07" 103.523989283 22.9469498141 63.0989898484 0
"TCGA-D8-A27V-01A-12R-A17B-07" 73.739338152 3.68982313836 25.1029821621 0
"TCGA-AO-A0JB-01A-11R-A32Y-07" 8.39435464183 1.16689772608 10.5400540541 0
"TCGA-AN-A0FS-01A-11R-A034-07" 91.8661221077 1.16010063974 43.9190968423 0
"TCGA-OL-A5D7-01A-11R-A27Q-07" 0.490811160873 0.0361684548941 10.387828354 1
"TCGA-A1-A0SG-01A-11R-A144-07" 62.5589730781 49.4084696743 53.1257521521 0
"TCGA-D8-A3Z5-01A-41R-A24H-07" 26.4597804846 15.193476715 86.7945040495 0
"TCGA-AC-A6IW-01A-12R-A33J-07" 0.426953165194 0.0622779078797 10.9533686261 1
"TCGA-D8-A141-01A-11R-A115-07" 15.9054899101 14.3307727922 29.9235574422 0
"TCGA-A2-A1FV-01A-11R-A13Q-07" 57.2274361679 0.596162480132 27.4269475128 0
"TCGA-A8-A0AD-01A-11R-A056-07" 101.769043795 25.5201530241 59.4365229902 0
"TCGA-D8-A1JN-01A-11R-A13Q-07" 96.7355031307 0.0829495141136 33.8571783525 0
"TCGA-D8-A13Z-01A-11R-A115-07" 0.212050378142 0.188817104645 19.5539551385 1
"TCGA-D8-A1XA-01A-11R-A14D-07" 119.582672807 28.7533555074 36.9253244399 0
"TCGA-A8-A0A6-01A-12R-A056-07" 18.4618113827 2.87446206827 56.37439832 0
"TCGA-BH-A6R8-01A-21R-A33J-07" 31.550060909 9.58757322574 42.6028280508 0
"TCGA-B6-A0WT-01A-11R-A109-07" 37.8052099964 42.9787346837 32.2030234918 0
"TCGA-E2-A1B5-01A-21R-A12P-07" 3.87326596753 0.433540304734 7.53876867599 0
"TCGA-A2-A0CK-01A-11R-A22K-07" 12.4706147742 6.86470583853 52.3567651509 0
"TCGA-D8-A1X9-01A-12R-A157-07" 82.3071071625 3.04574387438 63.6269145285 0
"TCGA-BH-A18N-01A-11R-A12D-07" 136.421877131 94.2205970121 45.2321412394 0
"TCGA-AN-A0FN-01A-11R-A034-07" 21.3424686432 1.14172178431 17.5024636379 0
"TCGA-AC-A62Y-01A-11R-A29R-07" 100.234865454 30.2726036461 22.6112503737 0
"TCGA-BH-A18S-01A-11R-A12D-07" 82.5163043787 12.0797460007 68.630213593 0
"TCGA-BH-A1FM-01A-11R-A13Q-07" 69.4193660631 0.121540280057 8.43829041477 0
"TCGA-A2-A0T4-01A-31R-A084-07" 69.8995804242 18.2276803915 39.969706741 0
"TCGA-AN-A04C-01A-21R-A034-07" 1.97055735739 0.0433015344728 692.554152422 0
"TCGA-GM-A2DI-01A-31R-A18M-07" 23.4880100306 12.0524083534 20.3042155257 1
"TCGA-E2-A10C-01A-21R-A10J-07" 53.116898736 0.0930936898674 36.5584645818 0
"TCGA-D8-A1X5-01A-11R-A14D-07" 106.180820364 1.08939979687 216.471638193 0
"TCGA-LL-A5YM-01A-11R-A28M-07" 21.6051548765 2.7731429584 72.1807434389 0
"TCGA-B6-A0I9-01A-11R-A034-07" 44.0910992766 0.319397799377 950.122455309 0
"TCGA-E9-A1ND-01A-11R-A144-07" 1.43733607501 0.0521207725289 13.0542478375 0
"TCGA-AO-A1KT-01A-11R-A13Q-07" 22.9957729331 3.5865368589 36.8205271877 0
"TCGA-A8-A097-01A-11R-A034-07" 49.7010341889 9.74211983135 156.640837488 0
"TCGA-E2-A154-01A-11R-A115-07" 94.8575919765 68.5418984417 43.5975544556 0
"TCGA-AC-A6IV-01A-12R-A33J-07" 18.313593789 4.53016396021 35.9756825159 0
"TCGA-B6-A0IG-01A-11R-A034-07" 25.4429230332 1.41862781316 514.437960157 0
"TCGA-C8-A27B-01A-11R-A169-07" 0.801407205957 0.0290935905756 5.53103565887 1
"TCGA-GM-A5PX-01A-12R-A28M-07" 17.3323165406 5.1055871399 48.2024552342 0
"TCGA-E9-A1NA-01A-11R-A144-07" 37.6463875895 0.219329777756 20.3869117007 0
"TCGA-AR-A24K-01A-11R-A169-07" 47.6698807394 29.7622224529 34.8132721441 0
"TCGA-LD-A7W6-01A-81R-A352-07" 43.2111463779 7.93395982524 49.8738868168 0
"TCGA-AC-A7VB-01A-11R-A352-07" 90.5980002667 0.0851720546006 146.827159866 0
"TCGA-B6-A0RP-01A-21R-A084-07" 115.479075535 8.43664061739 47.6169345353 0
"TCGA-A2-A0EM-01A-11R-A034-07" 62.4010110079 63.1585867679 36.3422249026 0
"TCGA-D8-A1JA-01A-11R-A13Q-07" 0.426797633194 0.0609339785745 302.599733669 0
"TCGA-BH-A0DS-01A-11R-A056-07" 37.6329038176 8.23817227079 36.5529004391 0
"TCGA-AR-A1AP-01A-11R-A12P-07" 37.7344201655 1.1176327224 42.3309715654 0
"TCGA-A7-A3IY-01A-21R-A21T-07" 51.0143359952 20.6326647469 10.5938425971 0
"TCGA-BH-A18H-01A-11R-A12D-07" 48.5140172749 11.2194008307 22.2119161111 0
"TCGA-BH-A1FJ-01A-11R-A13Q-07" 62.7003324402 43.2091631737 33.7072067983 0
"TCGA-D8-A1Y3-01A-11R-A157-07" 15.7955992952 2.72212925655 29.3554200697 0
"TCGA-LL-A442-01A-11R-A24H-07" 125.651395626 24.6279647158 47.2342318922 0
"TCGA-A8-A06U-01A-11R-A00Z-07" 79.9499737821 3.570626393 62.4433774542 0
"TCGA-AO-A12B-01A-11R-A10J-07" 164.608946912 46.1046125887 17.6502801693 0
"TCGA-PE-A5DD-01A-12R-A27Q-07" 65.6774991658 6.35025792932 22.295288206 0
"TCGA-A2-A04R-01A-41R-A109-07" 36.3078950379 15.3158398175 35.4562040321 0
"TCGA-A8-A06N-01A-11R-A00Z-07" 170.730452124 0.05285519282 61.0420935633 0
"TCGA-A2-A0ER-01A-21R-A034-07" 96.3923614271 3.49782625871 32.7054836133 0
"TCGA-A8-A08I-01A-11R-A00Z-07" 150.843096265 19.7906901808 17.7686024596 0
"TCGA-BH-A0DO-01B-11R-A12D-07" 115.315859577 16.8934863223 41.2369583776 0
"TCGA-AC-A5XU-01A-11R-A28M-07" 57.0457654506 12.909827004 27.0943388054 0
"TCGA-OL-A6VQ-01A-12R-A41B-07" 20.4498715318 18.4811131204 47.7334861663 0
"TCGA-C8-A1HM-01A-12R-A137-07" 108.723795879 2.00550235955 23.1269849913 0
"TCGA-AN-A04A-01A-21R-A034-07" 17.7593754044 1.73234660212 16.8260554604 0
"TCGA-AR-A1AM-01A-41R-A22K-07" 16.0722829814 3.12296027923 76.7528294705 0
"TCGA-B6-A0X5-01A-21R-A109-07" 108.038650183 19.3765120031 18.8033453549 0
"TCGA-A2-A0YT-01A-11R-A109-07" 61.8262891768 0.204368450075 32.1093114541 0
"TCGA-S3-A6ZG-01A-22R-A32P-07" 67.7782951638 25.7388036984 42.4347231725 0
"TCGA-B6-A0IN-01A-11R-A034-07" 29.661176328 0.101753347291 65.3301778769 0
"TCGA-A2-A0CX-01A-21R-A00Z-07" 0.918721274697 0.158009176064 475.633851286 0
"TCGA-A7-A3J0-01A-11R-A213-07" 91.1154101027 109.844329828 12.0769489357 0
"TCGA-C8-A3M8-01A-11R-A213-07" 86.7845890576 0.202341468463 90.6785400978 0
"TCGA-BH-A1EX-01A-11R-A13Q-07" 5.4948197444 0.283788620898 41.4642609677 0
"TCGA-BH-A0HY-01A-11R-A056-07" 28.1700862984 0.179183698592 662.942069995 0
"TCGA-A2-A3XZ-01A-42R-A239-07" 0.33076462135 0.251993831913 996.793214359 0
"TCGA-AC-A3OD-01B-06R-A22O-07" 184.4868781 32.3227476011 19.8427519619 0
"TCGA-A2-A3XX-01A-21R-A239-07" 0.165948194527 0.119033803652 35.0557548389 1
"TCGA-AR-A24H-01A-11R-A169-07" 47.0957312949 3.02589369847 65.8288809636 0
"TCGA-BH-A0E1-01A-11R-A056-07" 37.0112737395 90.3249954224 23.3863423636 0
"TCGA-E2-A15I-01A-21R-A137-07" 56.3291287275 14.4623246421 48.8278054397 0
"TCGA-A1-A0SM-01A-11R-A084-07" 18.8014653631 0.258528407563 813.54778687 0
"TCGA-OL-A5D6-01A-21R-A27Q-07" 0.34695347423 0.201947504372 72.1288405039 1
"TCGA-B6-A0RQ-01A-11R-A115-07" 23.1343024067 15.8282932921 45.7128381342 0
"TCGA-A2-A3XU-01A-12R-A22U-07" 0.663352560616 0.029946678597 13.206852955 1
"TCGA-AO-A1KS-01A-11R-A13Q-07" 106.336327015 60.5296076101 25.8652462579 0
"TCGA-BH-A42U-01A-12R-A24H-07" 9.18726080532 1.82763551443 38.3672280089 1
"TCGA-AC-A3W5-01A-11R-A22K-07" 1.97819847238 0.376788569888 858.096375305 0
"TCGA-A2-A0T1-01A-21R-A084-07" 0.188130492868 0.0770788337335 643.140220415 0
"TCGA-B6-A0IB-01A-11R-A034-07" 71.897351633 21.5291799636 21.4986144962 0
"TCGA-BH-A0AY-01A-21R-A00Z-07" 18.0403439027 6.81129652233 16.7741751165 0
"TCGA-BH-A1FN-01A-11R-A13Q-07" 14.3367383369 3.29742521521 10.6355157212 0
"TCGA-A7-A13H-01A-11R-A22K-07" 44.0690326598 6.61928385743 65.5172425587 0
"TCGA-BH-A42T-01A-11R-A24H-07" 39.2269427987 13.6659424674 97.7993444786 0
"TCGA-3C-AALI-01A-11R-A41B-07" 0.303692146148 0.0924213942873 972.586687147 0
"TCGA-B6-A0RI-01A-11R-A056-07" 44.1796132164 52.9502422622 25.1358336342 0
"TCGA-AO-A0JM-01A-21R-A056-07" 13.1126973048 0.498193979965 260.377264994 0
"TCGA-BH-A18I-01A-11R-A12D-07" 26.4420496344 4.4359888665 25.3863698718 0
"TCGA-A2-A1G6-01A-11R-A13Q-07" 23.8953828219 21.4526811097 29.7400074544 1
"TCGA-BH-A18J-01A-11R-A12D-07" 18.8698124072 1.31817877786 30.9170240481 0
"TCGA-BH-A1EO-01A-11R-A137-07" 42.9845141767 124.876413081 21.2936095274 0
"TCGA-C8-A12X-01A-11R-A115-07" 55.8738929334 2.78030356132 22.6791818678 0
"TCGA-E2-A150-01A-11R-A12D-07" 0.361275310883 0.0779859941956 17.3913055115 1
"TCGA-LL-A6FP-01A-11R-A31O-07" 46.4873619283 0.00828065912009 55.375950106 0
"TCGA-S3-AA14-01A-11R-A41B-07" 6.03205182444 8.68533417181 329.071102791 0
"TCGA-A2-A0CW-01A-21R-A115-07" 76.7711533369 9.69274898407 44.9138253439 0
"TCGA-AN-A0FJ-01A-11R-A00Z-07" 0.0790265021492 0.0361349051565 14.2825892358 0
"TCGA-E2-A105-01A-11R-A10J-07" 138.084594366 2.92292137603 50.6725941917 0
"TCGA-A2-A0YL-01A-21R-A109-07" 18.4457193341 31.187942796 23.2621659828 0
"TCGA-A8-A08Z-01A-21R-A00Z-07" 21.3763501755 25.0928320897 32.1384056333 0
"TCGA-EW-A1J5-01A-11R-A13Q-07" 38.1351233384 39.5144782872 65.2256521649 0
"TCGA-BH-A1F2-01A-31R-A13Q-07" 13.1952247243 0.552475720948 209.789720922 0
"TCGA-A2-A4RW-01A-21R-A266-07" 19.7868176855 11.1558688202 54.9729873572 0
"TCGA-LL-A7T0-01A-31R-A352-07" 39.8226587593 0.0946690981337 68.591184077 0
"TCGA-A1-A0SJ-01A-11R-A084-07" 17.1633607145 12.0466700828 44.4387538705 0
"TCGA-AN-A0FT-01A-11R-A034-07" 17.7929719465 2.07957602839 775.635230064 0
"TCGA-B6-A0RL-01A-11R-A084-07" 147.145701773 1.02398666436 74.7031023726 0
"TCGA-A7-A26F-01B-04R-A22O-07" 1.90949789233 0.231535553942 17.6977786264 1
"TCGA-E2-A15G-01A-11R-A12D-07" 108.537774189 66.5766753979 44.8572111484 0
"TCGA-A8-A0A1-01A-11R-A00Z-07" 98.4001361408 4.73787669176 31.6000036923 0
"TCGA-AN-A0XS-01A-22R-A109-07" 48.7412384125 59.6692906831 38.2091990933 0
"TCGA-AN-A0XL-01A-11R-A10J-07" 55.9287635241 4.93150441131 58.3405167775 0
"TCGA-D8-A1Y2-01A-11R-A157-07" 37.0032763471 0.447507178953 39.0586139261 0
"TCGA-BH-A0E2-01A-11R-A056-07" 33.8198152099 4.93566570024 16.683252542 0
"TCGA-BH-A0HX-01A-21R-A056-07" 35.9798082412 1.42996628478 36.3514524435 0
"TCGA-OL-A66I-01A-21R-A29R-07" 0.375384436245 0.2085857883 19.8933045151 1
"TCGA-C8-A132-01A-31R-A115-07" 48.3825712953 3.35576917854 712.092534349 0
"TCGA-D8-A1JL-01A-11R-A13Q-07" 0.735250754253 0.142659861941 12.3953621026 1
"TCGA-AR-A0TY-01A-12R-A115-07" 66.6837486778 0.116041236352 23.404059127 0
"TCGA-E2-A1LG-01A-21R-A14M-07" 0.0246469510047 0.00438930217225 45.6654613205 1
"TCGA-A2-A4RY-01A-31R-A266-07" 7.16327385794 12.1284200963 54.8985034726 0
"TCGA-B6-A0IP-01A-11R-A034-07" 92.9581068516 9.70884687992 52.8768000833 0
"TCGA-A2-A0CM-01A-31R-A034-07" 0.640885272235 0.052812347647 12.5160496604 1
"TCGA-A2-A0SY-01A-31R-A084-07" 39.724667184 13.275979165 117.309668745 0
"TCGA-EW-A1PB-01A-11R-A144-07" 0.289517071213 0.00493862392827 16.0145681153 1
"TCGA-D8-A1XW-01A-11R-A14M-07" 0.318747842816 0.111179572604 21.0294251096 0
"TCGA-C8-A8HQ-01A-11R-A36F-07" 9.70869429596 1.72775836773 38.5574143773 0
"TCGA-AC-A2BM-01A-11R-A21T-07" 20.914025206 13.5797582679 16.4188555045 0
"TCGA-A8-A07O-01A-11R-A00Z-07" 1.67468189455 0.15355560888 15.1359440821 1
"TCGA-UU-A93S-01A-21R-A41B-07" 0.304447069958 0.117061748234 1668.3525839 0
"TCGA-B6-A0IO-01A-11R-A034-07" 130.344077599 2.74123881075 24.0378517854 0
"TCGA-EW-A2FW-01A-11R-A17B-07" 82.8999197049 1.91104848723 44.5133977356 0
"TCGA-EW-A1IX-01A-12R-A144-07" 22.0737224968 43.6289903795 55.5014840453 0
"TCGA-E9-A1N4-01A-11R-A14M-07" 11.048528727 25.1383071381 19.0074236792 0
"TCGA-A8-A07G-01A-11R-A034-07" 91.1833775531 4.16926871941 58.9605809733 0
"TCGA-A2-A0EX-01A-21R-A034-07" 15.0829003269 15.8350766939 63.5416775365 0
"TCGA-BH-A0EE-01A-11R-A034-07" 1.05395426203 0.0148375951534 182.512939395 0
"TCGA-A7-A6VY-01A-12R-A33J-07" 0.235675160651 0.044740327475 8.18945106115 1
"TCGA-GM-A5PV-01A-11R-A28M-07" 84.2435631623 7.91930237516 56.3459769208 0
"TCGA-GM-A3NY-01A-11R-A21T-07" 47.2147148282 0.464242910539 29.3595963115 0
"TCGA-AO-A12F-01A-11R-A115-07" 0.101825317189 0.149454130029 27.6591759516 1
"TCGA-BH-A0HB-01A-11R-A056-07" 112.597023284 6.34766264675 25.8241109555 0
"TCGA-A8-A091-01A-11R-A00Z-07" 72.0489815822 0.12806514091 41.1810019353 0
"TCGA-A8-A082-01A-11R-A00Z-07" 35.4617626037 11.4841054469 26.1429093514 0
"TCGA-D8-A1XG-01A-11R-A14D-07" 138.457901382 30.1462109939 14.1904395752 0
"TCGA-A7-A13G-01B-04R-A22O-07" 236.402144782 14.7378986886 28.3494239782 0
"TCGA-E2-A1LE-01A-12R-A19W-07" 0.31099082286 0.0982995949953 831.77663938 0
"TCGA-A8-A095-01A-11R-A00Z-07" 65.5205286243 22.4602157732 27.2956212245 0
"TCGA-A7-A26I-01B-06R-A22O-07" 1.80913735777 0.398980049147 25.4068971567 1
"TCGA-E2-A15P-01A-11R-A115-07" 67.272440034 1.10136080025 66.6888506267 0
"TCGA-BH-A18L-01A-32R-A12D-07" 69.7108567177 5.66771652964 62.2719409252 0
"TCGA-A2-A04Q-01A-21R-A034-07" 0.486451225679 0.391417136068 15.8182252167 1
"TCGA-A2-A0D4-01A-11R-A00Z-07" 35.7571485144 0.790185813314 50.2189599237 0
"TCGA-BH-A0HL-01A-11R-A10U-07" 94.9844800338 6.58470080836 45.8311021408 0
"TCGA-A2-A0CP-01A-11R-A034-07" 15.4236948579 28.0633167359 28.9488393992 0
"TCGA-5T-A9QA-01A-11R-A41B-07" 15.3777219375 0.422130673828 67.0929234826 0
"TCGA-D8-A1JF-01A-11R-A13Q-07" 1.25673293039 0.110233706531 32.9305320517 1
"TCGA-BH-A0BW-01A-11R-A115-07" 1.99388067716 0.0375502210066 34.4910249481 1
"TCGA-AC-A23H-01A-11R-A157-07" 1.04887127223 0.0752473030982 456.574395203 0
"TCGA-D8-A1XO-01A-11R-A14M-07" 88.7297441379 3.27731031917 34.0565263974 0
"TCGA-A8-A07F-01A-11R-A00Z-07" 38.6714084996 327.913309203 31.341425383 0
"TCGA-D8-A73X-01A-11R-A32P-07" 68.6065314842 49.8582904127 36.9731942563 0
"TCGA-D8-A1XB-01A-11R-A14D-07" 62.1020632875 60.3823607898 32.1334224397 0
"TCGA-BH-A8FY-01A-11R-A36F-07" 67.0759489206 11.7585892635 30.1558528955 0
"TCGA-D8-A73U-01A-11R-A33J-07" 18.9644630645 10.764521535 18.5532985081 0
"TCGA-EW-A1PF-01A-11R-A144-07" 62.4578669744 2.10011124972 27.4594593547 0
"TCGA-B6-A0IH-01A-11R-A115-07" 28.4578823949 10.0467125836 35.6080637047 0
"TCGA-BH-A0DV-01A-21R-A12P-07" 23.8627999504 2.3677248834 32.5637549061 0
"TCGA-LD-A66U-01A-11R-A31O-07" 11.0549660902 9.4236762335 45.5881815252 0
"TCGA-E2-A2P5-01A-11R-A19W-07" 27.6333076529 11.239557765 20.3693516438 0
"TCGA-AN-A0FF-01A-11R-A034-07" 26.5770297369 4.10535298052 25.8181509315 0
"TCGA-E2-A159-01A-11R-A115-07" 1.02582952935 0.0929300754076 20.6621531806 1
"TCGA-GI-A2C8-01A-11R-A16F-07" 25.7788822805 0.17034134663 2.80073714688 0
"TCGA-A8-A08B-01A-11R-A00Z-07" 16.7598443185 0.799756136226 486.960397255 0
"TCGA-A8-A08R-01A-11R-A034-07" 0.204536752526 0.122043670639 52.8380166249 1
"TCGA-AR-A1AV-01A-21R-A12P-07" 96.6472414235 16.6559290732 48.6090610937 0
"TCGA-AC-A6IX-01A-12R-A32P-07" 23.7506931091 0.51437053836 30.192486817 0
"TCGA-A8-A0AB-01A-11R-A034-07" 121.466439011 12.676137346 74.2863384676 0
"TCGA-E2-A14O-01A-31R-A115-07" 70.0253416758 32.1513864976 30.7471409245 0
"TCGA-A1-A0SF-01A-11R-A144-07" 29.6836979243 22.7869090254 39.3561192828 0
"TCGA-D8-A1XY-01A-11R-A14M-07" 41.5240965997 35.7026037608 43.9631550078 0
"TCGA-A8-A09N-01A-11R-A00Z-07" 72.9735788283 4.2281812981 25.18216254 0
"TCGA-BH-A0C0-01A-21R-A056-07" 48.2810897672 2.51280962412 54.7881431583 0
"TCGA-A2-A0YD-01A-11R-A109-07" 54.1762229238 24.6340492963 31.5733708619 0
"TCGA-BH-A0AZ-01A-21R-A12P-07" 12.0851388465 1.11994397302 25.3637822789 0
"TCGA-B6-A0IM-01A-11R-A034-07" 93.0951955793 0.89973985246 50.6373781913 0
"TCGA-B6-A0X4-01A-11R-A109-07" 56.978620766 16.1162243706 21.6653899209 0
"TCGA-AC-A3W7-01A-11R-A22K-07" 45.857472732 2.89129166542 44.0318114986 0
"TCGA-OL-A5S0-01A-11R-A28M-07" 0.0917443528689 0.0631960030414 31.9194592765 0
"TCGA-AO-A0JJ-01A-11R-A056-07" 68.7826703583 14.0189989719 21.4417222106 0
"TCGA-B6-A400-01A-11R-A239-07" 0.0846431365833 0.174679255173 21.7719177516 1
"TCGA-AN-A0XR-01A-11R-A109-07" 109.818356404 2.20625217146 18.0116250701 0
"TCGA-E9-A22G-01A-11R-A157-07" 0.443479355913 0.019834637194 15.3170283453 0
"TCGA-S3-AA12-01A-11R-A41B-07" 95.9531905645 0.14594120588 78.9844399547 0
"TCGA-AR-A24U-01A-11R-A169-07" 1.22257787769 0.259052735978 410.172402249 0
"TCGA-S3-AA17-01A-11R-A41B-07" 76.2618248466 0.226463163621 36.2792368645 0
"TCGA-BH-A0HW-01A-11R-A034-07" 124.356973158 0.055038429718 87.158438154 0
"TCGA-BH-A1FR-01A-11R-A13Q-07" 183.419615433 20.0530141119 23.2333045686 0
"TCGA-EW-A1J3-01A-11R-A13Q-07" 42.4504921152 8.54657289976 265.830367928 0
"TCGA-BH-A0AU-01A-11R-A12P-07" 37.1412294817 16.1929456687 51.7860542127 0
"TCGA-A2-A1G0-01A-11R-A13Q-07" 16.1205645447 21.3727838779 93.2594754638 0
"TCGA-A2-A04P-01A-31R-A034-07" 2.89580215481 0.0531405404069 11.1601741673 1
"TCGA-B6-A0RO-01A-22R-A084-07" 102.190240999 0.992790694786 47.2489976167 0
"TCGA-A8-A09W-01A-11R-A00Z-07" 45.0092001989 0.135886991661 35.4844425458 0
"TCGA-AR-A24Q-01A-12R-A169-07" 0.995166415311 0.355669903954 20.6727028889 0
"TCGA-BH-A1FE-01A-11R-A13Q-07" 12.140355325 14.6387417182 36.3636980914 0
"TCGA-LL-A5YO-01A-21R-A28M-07" 0.234976570626 0.0726257723189 28.5286633381 1
"TCGA-E2-A1LA-01A-11R-A144-07" 41.8803685569 0.717633741356 51.8510994323 0
"TCGA-E2-A14Z-01A-11R-A115-07" 32.7231050628 15.2661026296 21.6364095267 0
"TCGA-A7-A0CJ-01A-21R-A00Z-07" 86.0758524465 46.7922624882 19.1574349989 0
"TCGA-A7-A0D9-01A-31R-A056-07" 31.4152366549 0.7056267495 25.4898358467 0
"TCGA-AC-A3W6-01A-12R-A22K-07" 28.888054058 0.264230246638 19.2373871061 0
"TCGA-A2-A04Y-01A-21R-A034-07" 21.5283360404 2.19433418253 32.7236087862 0
"TCGA-A2-A25B-01A-11R-A169-07" 13.226399293 1.200764788 15.2600948996 0
"TCGA-AN-A0FD-01A-11R-A034-07" 77.2618390726 1.0166803674 18.6391557405 0
"TCGA-W8-A86G-01A-21R-A36F-07" 47.6081322842 9.86042712546 51.1331888166 0
"TCGA-A7-A0CG-01A-12R-A056-07" 80.1841087158 1.40792098273 29.0143552516 0
"TCGA-BH-A1EU-01A-11R-A137-07" 109.192776644 51.1826762915 14.090845872 0
"TCGA-D8-A1JB-01A-11R-A13Q-07" 36.7181685913 1.15131070741 56.944502905 0
"TCGA-A8-A079-01A-21R-A00Z-07" 114.722982498 9.06084353194 22.1034084117 0
"TCGA-GM-A2DN-01A-11R-A180-07" 29.6474952647 3.33980211213 33.3338302873 0
"TCGA-E2-A15E-01A-11R-A12D-07" 12.0467123933 19.9453976373 107.181946974 0
"TCGA-A7-A4SF-01A-11R-A266-07" 40.6810102036 0.115742920085 194.394935792 0
"TCGA-C8-A278-01A-11R-A169-07" 0.606292780645 0.176400930761 322.484644095 0
"TCGA-GM-A2DF-01A-11R-A180-07" 0.150000124275 0.0350777763506 12.5488719412 1
"TCGA-AC-A23G-01A-11R-A213-07" 16.8494637365 13.0190331062 30.2816468045 0
"TCGA-D8-A1XZ-01A-11R-A14M-07" 15.9472445667 0.229219055212 16.2214498262 0
"TCGA-B6-A3ZX-01A-11R-A239-07" 0.623534900139 0.116433935119 15.0191829279 1
"TCGA-E2-A1B0-01A-11R-A12P-07" 0.141747293996 0.26360316406 563.809479286 0
"TCGA-BH-A0H3-01A-11R-A12P-07" 32.3601272299 8.93494298957 40.9944205935 0
"TCGA-A2-A0SW-01A-11R-A084-07" 36.7264416919 3.60323225652 6.570072195 0
"TCGA-A8-A07R-01A-21R-A034-07" 0.0670529976907 0.0228288963418 28.5281792388 0
"TCGA-D8-A1XL-01A-11R-A14M-07" 6.6530633333 3.96696566057 80.0252135011 0
"TCGA-GM-A2DC-01A-11R-A18M-07" 28.1574116494 1.39817443367 61.2406603338 0
"TCGA-E9-A22D-01A-11R-A157-07" 21.5312824584 2.17796558147 188.285731954 0
"TCGA-A2-A3KD-01A-12R-A213-07" 56.2923400399 9.96671219054 45.0194022608 0
"TCGA-C8-A1HL-01A-11R-A137-07" 13.7133705062 0.167884015747 78.622394278 0
"TCGA-C8-A1HJ-01A-11R-A13Q-07" 0.168044847985 0.0711669312641 2.24340711964 1
"TCGA-A2-A0ST-01A-12R-A084-07" 4.78346131231 0.549637407773 21.3971234695 1
"TCGA-BH-A18P-01A-11R-A12D-07" 7.66339099264 0.122994818039 65.1827508612 0
"TCGA-BH-A0W5-01A-11R-A109-07" 52.136613514 24.8291113025 26.2477138493 0
"TCGA-A7-A4SC-01A-12R-A266-07" 64.5875849017 0.366153175507 105.914845369 0
"TCGA-E2-A1IE-01A-11R-A13Q-07" 69.7646130883 2.68588484482 50.7846477682 0
"TCGA-D8-A1XC-01A-11R-A14D-07" 243.809966734 31.6837549962 14.9559057891 0
"TCGA-AC-A3QP-01A-11R-A22U-07" 4.24411325426 3.95532368991 46.4081662294 0
"TCGA-A8-A076-01A-21R-A00Z-07" 17.1226524298 1.18810575902 281.91028696 0
"TCGA-A2-A0EY-01A-11R-A034-07" 24.9611442885 0.128577241672 493.398724257 0
"TCGA-A8-A09D-01A-11R-A00Z-07" 12.024644443 0.35031543301 22.5655260336 0
"TCGA-B6-A0WV-01A-11R-A109-07" 135.285338054 6.43604335773 21.8765598943 0
"TCGA-AR-A251-01A-12R-A169-07" 1.56609544797 0.0981959772287 14.0193082636 0
"TCGA-BH-A8FZ-01A-11R-A352-07" 5.83308421251 2.37719155239 82.1004781901 0
"TCGA-AN-A0AR-01A-11R-A00Z-07" 0.335112549696 0.0122628486809 10.8568948416 1
"TCGA-A2-A04N-01A-11R-A115-07" 54.9117221628 54.6834191519 30.5121631326 0
"TCGA-AR-A1AL-01A-21R-A12P-07" 24.4774064199 36.1436814613 37.084596101 0
"TCGA-A8-A09T-01A-11R-A00Z-07" 47.6052777382 62.6106377635 34.5976617068 0
"TCGA-A2-A4RX-01A-11R-A266-07" 0.678989728614 0.927294943008 26.6398811332 0
"TCGA-E9-A54X-01A-11R-A266-07" 128.577314194 32.6951492489 23.3371127576 0
"TCGA-AC-A2FG-01A-11R-A17B-07" 95.1422149467 1.62352237767 47.3868964584 0
"TCGA-E9-A22A-01A-11R-A157-07" 10.0610062377 0.377592471178 10.1452357883 0
"TCGA-A2-A0YM-01A-11R-A109-07" 0.186961375739 0.0454028115524 21.112846808 1
"TCGA-AR-A1AJ-01A-21R-A12P-07" 1.46653565841 0.0668053162012 9.74270364483 0
"TCGA-A1-A0SI-01A-11R-A144-07" 15.0946928911 1.01824581275 21.5327317137 0
"TCGA-EW-A1P1-01A-31R-A14D-07" 3.01820731958 2.55889223657 23.641926345 1
"TCGA-E2-A109-01A-11R-A10J-07" 67.1534616682 0.109962456984 58.6125670355 0
"TCGA-AN-A0AS-01A-11R-A00Z-07" 14.425975102 0.159205009035 18.8353606657 0
"TCGA-A2-A04U-01A-11R-A115-07" 0.0239368551393 0.0228366606019 9.63619722359 0
"TCGA-A8-A07I-01A-11R-A00Z-07" 55.8016976143 0.180229532557 581.586442124 0
"TCGA-C8-A274-01A-11R-A16F-07" 103.853040357 0.36744107181 43.4651723054 0
"TCGA-C8-A12P-01A-11R-A115-07" 0.14623573403 0.197604597042 259.712297828 0
"TCGA-HN-A2OB-01A-21R-A27Q-07" 15.5778175403 9.21828323112 70.8514495481 0
"TCGA-AO-A1KR-01A-12R-A144-07" 0.232196574586 0.0793942984565 31.3437455409 1
"TCGA-BH-A0B0-01A-21R-A115-07" 21.0460901384 0.680431806568 17.8824300558 0
"TCGA-AR-A1AW-01A-21R-A12P-07" 34.3808951758 8.99496960686 28.491998054 0
"TCGA-E9-A22E-01A-11R-A157-07" 29.1181393233 0.720774616344 8.06144364174 0
"TCGA-AR-A0TV-01A-21R-A084-07" 181.587119845 15.9467571088 18.4299593552 0
"TCGA-AR-A5QQ-01A-11R-A28M-07" 0.574366428052 0.355240709758 8.35943178442 1
"TCGA-AR-A1AS-01A-11R-A12P-07" 50.7682691237 17.2595302316 34.9757748429 0
"TCGA-D8-A27N-01A-11R-A16F-07" 9.33674228362 0.345085529419 243.791590619 0
"TCGA-C8-A12N-01A-11R-A115-07" 43.1412539702 16.7249220056 19.375761267 0
"TCGA-D8-A3Z6-01A-11R-A239-07" 21.9888964578 18.1944562659 40.309354208 0
"TCGA-GI-A2C9-01A-11R-A21T-07" 0.333421156666 0.0704484529373 17.3189305794 1
"TCGA-BH-A5IZ-01A-11R-A27Q-07" 5.11519233365 0.030216088577 28.0785446084 0
"TCGA-D8-A27R-01A-11R-A16F-07" 22.9580396098 1.73403875431 41.4925636755 0
"TCGA-AC-A2QI-01A-12R-A19W-07" 37.1498622122 0.328626271157 68.4575904389 0
"TCGA-E2-A15F-01A-11R-A115-07" 118.696468335 38.7988496624 34.9024943808 0
"TCGA-E2-A1B4-01A-11R-A12P-07" 97.9947219137 22.8623243054 56.1851649835 0
"TCGA-D8-A1JP-01A-11R-A13Q-07" 112.271932245 0.67395083719 24.6446175198 0
"TCGA-A2-A04V-01A-21R-A034-07" 43.4376122213 0.383805767294 43.9370512821 0
"TCGA-E2-A1LK-01A-21R-A14D-07" 0.427864634894 0.00534092101409 38.3276073195 1
"TCGA-AR-A252-01A-11R-A169-07" 29.0782946641 9.83203920515 7.67414377809 0
"TCGA-A2-A1G4-01A-11R-A13Q-07" 177.512598474 12.8301254556 18.1859411561 0
"TCGA-AN-A03X-01A-21R-A00Z-07" 50.7522552231 12.2810044195 38.0278041098 0
"TCGA-AN-A0AL-01A-11R-A00Z-07" 0.280663134705 0.202309967673 12.7563502212 1
"TCGA-A8-A09R-01A-11R-A00Z-07" 29.0031874501 0.477278118896 66.1076020846 0
"TCGA-C8-A27A-01A-11R-A169-07" 32.4911317228 5.38635189969 20.2013868849 0
"TCGA-BH-A42V-01A-11R-A24H-07" 6.92032822094 11.0521570889 53.6590103014 0
"TCGA-BH-A1F5-01A-12R-A13Q-07" 105.394326493 30.3314187609 16.2232747285 0
"TCGA-D8-A13Y-01A-11R-A115-07" 15.4838871779 4.16797393938 4.82919881273 0
"TCGA-C8-A12Z-01A-11R-A115-07" 0.156282189699 0.0630154645505 1561.19194077 0
"TCGA-GM-A2DH-01A-11R-A180-07" 3.41316172153 0.0713008581576 34.0849265463 1
"TCGA-LL-A8F5-01A-11R-A36F-07" 1.07917114522 0.0375138576438 11.8605051819 0
"TCGA-GM-A2D9-01A-11R-A18M-07" 50.1705110021 0.869461981948 33.7327904819 0
"TCGA-BH-A0C7-01B-11R-A115-07" 105.14785217 0.677362875898 58.6766627328 0
"TCGA-D8-A27L-01A-11R-A16F-07" 35.7553554483 39.1068104899 35.4208350519 0
"TCGA-BH-A0BP-01A-11R-A115-07" 47.1264518415 0.470420466396 15.4027906196 0
"TCGA-BH-A0DH-01A-11R-A084-07" 46.6939065897 8.14062531573 49.1868291907 0
"TCGA-BH-A0B7-01A-12R-A115-07" 0.359658874438 0.210977413456 997.591835519 0
"TCGA-A7-A0CD-01A-11R-A00Z-07" 87.5324207053 38.6855898552 79.186735521 0
"TCGA-A2-A0CV-01A-31R-A115-07" 35.7005679992 10.6655960539 26.5584145029 0
"TCGA-LD-A9QF-01A-32R-A41B-07" 0.561909988709 0.196025336427 812.04206486 0
"TCGA-D8-A1XM-01A-21R-A14M-07" 30.1539279787 31.1048849412 67.1791830292 0
"TCGA-A2-A3XV-01A-21R-A239-07" 0.0158483229508 0.0282238068074 137.937243899 0
"TCGA-A2-A0CS-01A-11R-A115-07" 63.7205739357 10.6679345967 41.901831794 0
"TCGA-AN-A0AM-01A-11R-A034-07" 73.1815452523 0.0922282039521 12.2322966643 0
"TCGA-E2-A14V-01A-11R-A12D-07" 12.352926055 6.41694923236 367.794013018 0
"TCGA-AO-A03P-01A-11R-A00Z-07" 66.6121069364 7.32892250482 35.0442649668 0
"TCGA-AR-A0TW-01A-11R-A084-07" 15.8513854965 2.10656795635 40.2755950612 0
"TCGA-A8-A06P-01A-11R-A00Z-07" 23.4714647167 35.4730438289 32.2674262305 0
"TCGA-AN-A0XW-01A-11R-A109-07" 13.9636563033 5.31556477289 22.0395279218 0
"TCGA-A8-A08J-01A-11R-A00Z-07" 10.650502847 1.95518931502 569.739885853 0
"TCGA-E2-A156-01A-11R-A12D-07" 185.495949451 71.5050950084 59.8341056195 0
"TCGA-OL-A66K-01A-11R-A29R-07" 39.2680318225 66.6250398695 70.5883696411 0
